1513.86145 672.4061889999999 1337.596069 78.68 175.080002 394.98999
1855.921143 1903.606323 1942.622925 405.329987 -462.369995 27.49
1565.1408689999998 2320.802734 2469.216309 194.119995 -146.020004 -591.8599849999999
1300.209839 254.382904 2078.05127 331.179993 962.2800289999999 219.88000499999998
819.907593 17.673901 153.5634 -430.839996 192.639999 -102.41999799999999
1535.8634029999998 1845.3059079999998 802.255188 -92.43 364.01001 -271.980011
560.2844240000001 682.573975 2321.503662 -569.849976 -152.850006 130.490005
1978.9729 523.727905 1890.28418 312.809998 3.4 -309.959991
973.8856199999999 838.586609 175.52920500000002 767.73999 -374.170013 -329.950012
518.3488769999999 908.4072880000001 1628.757202 371.829987 138.41000400000001 -248.33999599999999
2244.883057 291.97070299999996 1349.600342 50.240002000000004 158.809998 239.75999500000003
639.047791 1249.102173 508.12908899999996 289.950012 84.889999 -458.85998499999994
2062.473877 2383.131592 2426.136963 213.100006 983.0300289999999 7.07
1532.1405029999999 1872.6699219999998 943.6362300000001 -126.529999 -99.91999799999999 -273.48999
1604.207642 225.94129900000001 718.228577 113.459999 -259.769989 -262.910004
932.8148189999999 278.179993 1162.727295 -312.02999900000003 250.11000099999998 330.339996
2172.856201 1457.425293 32.3493 -359.51001 -140.679993 6.99
414.465393 2132.742432 1025.410645 -174.419998 17.18 170.770004
954.033081 1383.295044 1175.8927 53.970001 773.780029 152.300003
62.183997999999995 1803.5830079999998 149.34939599999998 -172.880005 181.449997 596.960022
1100.771118 2367.917725 633.918274 -12.94 411.299988 406.549988
1132.727295 344.166809 607.041199 158.669998 -133.619995 402.170013
1709.339233 492.882599 2048.330811 83.989998 230.27999900000003 316.02999900000003
1438.2463380000002 797.836914 657.501587 -227.67999300000002 -221.979996 -123.82
2375.710205 320.006592 2496.833252 -328.549988 328.040009 627.630005
296.2388 1867.026489 809.011475 -19.280001000000002 160.270004 -3.85
648.531616 708.713196 2499.831299 -1322.969971 16.98 -395.769989
2228.381348 1537.450684 2269.587891 -64.93 279.170013 479.0
1389.7966310000002 368.583801 1310.6623539999998 709.52002 533.960022 93.099998
2282.451416 2434.135498 237.908707 -486.549988 -284.47000099999997 -372.369995
2438.7260739999997 1272.345459 793.1347049999999 -243.13999900000002 -237.88000499999998 -135.529999
448.00570700000003 1983.453369 243.793304 341.140015 -869.070007 -235.75999500000003
1558.740967 1363.1798099999999 424.35299699999996 -383.549988 -460.01000999999997 -491.69000199999994
210.50549300000003 972.114624 1940.024536 -0.53 1535.099976 803.369995
121.649498 555.562927 1408.781982 -11.18 -62.310001 -189.110001
2276.00293 1474.358398 1899.271118 27.370001000000002 376.890015 -5.11
1635.9296880000002 641.771973 1922.2366940000002 -808.77002 338.149994 13.26
471.632812 956.5750730000001 2359.561035 -262.170013 241.520004 -357.769989
270.725098 542.79187 2419.393066 141.820007 83.779999 189.949997
783.426819 1098.455811 699.042297 -175.669998 -77.940002 -247.97000099999997
286.134796 1571.130615 218.053406 -39.009997999999996 556.219971 -303.019989
279.517395 1711.444336 962.3997800000001 417.100006 231.47000099999997 77.269997
653.9561769999999 1946.478882 24.5347 231.169998 -137.190002 198.679993
2368.083252 300.010986 38.6115 -855.7800289999999 612.289978 82.0
1199.23999 1937.696411 1533.227661 -425.339996 452.589996 312.73999
1489.463745 1934.7521969999998 310.193604 -53.5 -1084.420044 186.5
516.2006230000001 301.999115 1028.608276 185.740005 20.1 -31.790001
1747.281372 2473.63208 1863.3375239999998 -312.429993 -69.800003 256.540009
2441.038818 955.3316039999999 2049.62085 -176.139999 -59.939999 328.829987
1270.842407 1948.20752 757.745422 -382.940002 -12.25 78.480003
18.219101000000002 181.861496 1424.637817 -169.5 331.440002 47.02
1612.609985 2317.675781 539.0333860000001 209.240005 -53.5 -507.339996
1612.7655029999999 680.164673 946.8602289999999 39.130001 101.07 -78.449997
453.43689000000006 2302.2971190000003 653.939819 1163.390015 17.610001 -116.790001
1520.377075 277.887787 1203.053589 -39.419998 -68.339996 472.369995
2295.220459 1816.707153 1021.1657710000001 187.66000400000001 627.960022 494.950012
2057.69873 145.369598 1421.310059 -257.480011 -66.379997 41.540001000000004
10.5515 2162.169678 2173.273193 180.429993 317.640015 -317.119995
793.796326 657.745178 1488.084717 -239.690002 -8.6 0.53
2251.774902 1906.399536 2446.407227 387.359985 398.359985 -745.669983
2070.901611 1624.763306 244.96760600000002 83.279999 434.32000700000003 -6.0
1257.844116 1141.726074 1027.4313960000002 35.169998 57.23 -314.160004
1329.6442869999998 1899.687744 906.096191 -270.660004 59.48 -26.66
2180.011475 2030.466309 2009.296509 150.070007 -462.299988 827.789978
816.198181 773.139771 552.539673 162.759995 113.089996 -460.619995
2448.0234379999997 2225.665527 342.374298 30.67 -340.329987 807.8099980000001
2115.025146 1447.685303 1575.3123779999999 -560.840027 -126.739998 1271.170044
955.3156130000001 236.44920299999998 992.9307859999999 -427.10998499999994 -671.030029 315.570007
1973.4746089999999 1764.233154 2415.463379 -132.320007 -287.359985 281.910004
1654.424438 2445.113281 1455.669922 -723.299988 -490.92999299999997 -69.300003
2261.072998 776.668579 1386.043579 -51.959998999999996 181.509995 -49.869999
630.110779 22.356001000000003 204.981796 657.429993 -66.370003 453.950012
1078.207764 995.067017 1331.08313 190.949997 71.910004 79.300003
1914.557861 945.60791 1894.0648190000002 169.470001 160.190002 265.269989
646.569519 27.060801 1552.044067 578.830017 -321.73999 292.179993
1470.9377439999998 2141.237305 516.914795 382.929993 547.599976 412.070007
2277.2114260000003 1717.4157710000002 1440.006836 95.199997 -292.019989 439.64999400000005
1899.3917239999998 1623.881592 2451.556885 -94.91999799999999 192.649994 458.80999800000006
1846.57312 1327.924927 1872.5219730000001 347.980011 -684.039978 121.269997
512.0020139999999 2445.412354 742.521484 455.85998499999994 263.869995 -654.6099849999999
1762.242188 1598.3867189999999 2161.402344 -486.30999800000006 -87.870003 188.580002
1835.368164 2349.943604 930.992493 612.090027 63.939999 117.150002
1699.820679 1341.122925 943.7056269999999 -61.77 -300.77999900000003 -134.399994
2377.530029 1666.219604 2259.927002 -372.320007 -370.269989 -390.619995
2256.576172 293.009888 1347.6782230000001 173.740005 -406.51001 -47.189999
2103.5776370000003 2080.3442379999997 1377.241211 521.8900150000001 672.6400150000001 -150.899994
747.330383 1231.71228 1057.62854 -36.150002 -247.190002 37.389998999999996
825.413086 559.752625 2168.738281 -241.350006 150.350006 -60.34
2007.825562 50.689602 250.39370699999998 761.159973 -850.4699710000001 683.52002
2194.168457 2081.4846190000003 783.614807 63.91 -41.59 -107.589996
439.059296 1890.370361 176.9785 -20.48 454.5 459.910004
535.021179 2190.235596 857.308228 -155.800003 -312.070007 -253.649994
518.5930179999999 1912.442261 186.251099 -501.5 -459.51000999999997 -118.68
117.55210100000001 2289.592285 2137.006592 317.890015 -665.02002 -174.53999299999998
557.9708860000001 771.5310059999999 1179.990356 97.41999799999999 389.040009 250.169998
2330.574219 789.7968139999999 234.69700600000002 0.76 -735.5 0.33
80.6782 830.032288 242.436996 -126.949997 -37.369999 -202.130005
1103.899048 2213.215332 668.234375 -506.130005 -304.059998 772.630005
1154.003296 1784.1121829999997 373.62619 846.1300050000001 -227.13000499999998 43.0
1873.298584 2109.411865 2164.390625 325.839996 -96.989998 -349.73999
709.92627 1914.4237059999998 2355.91626 -135.96000700000002 -221.61999500000002 -581.570007
737.055115 1489.498169 2300.327393 63.919998 -53.790001000000004 454.55999800000006
1601.2578119999998 1141.598267 594.086487 102.889999 -424.55999800000006 -193.690002
2470.216553 1431.588623 790.4744870000001 -879.5200199999999 498.07000700000003 41.5
1262.003174 1101.2661130000001 2271.481934 116.970001 -568.0599980000001 -58.459998999999996
1660.408447 1907.0850829999997 956.625305 -278.079987 -14.44 106.879997
1199.022705 1606.509888 1111.074951 9.15 363.049988 470.950012
513.453491 2389.913818 1356.221558 155.320007 -98.050003 564.849976
2129.86084 2002.336548 1801.918701 67.389999 -443.10998499999994 456.549988
967.480225 2222.689697 1456.50415 -508.049988 -450.64001500000006 194.929993
2375.805664 71.67240100000001 2176.6098629999997 -171.71000700000002 524.6900019999999 660.77002
2481.681396 558.227783 1646.931885 -321.02999900000003 -1051.719971 195.550003
514.86377 711.852722 637.435608 502.30999800000006 -90.93 -477.670013
1575.166748 1510.102051 86.5905 508.76998899999995 -567.3900150000001 -432.35000599999995
1427.741089 1491.886475 1925.934937 -88.790001 549.460022 192.779999
568.534912 2303.50708 460.11590599999994 411.799988 -83.010002 412.339996
1395.799561 197.438904 2368.3076170000004 560.369995 410.410004 -125.629997
1169.300415 2114.15332 775.9030759999999 295.390015 -155.639999 -392.339996
1072.738892 863.819275 325.51620499999996 169.279999 -127.720001 -82.559998
703.614014 1551.447998 734.162292 -153.940002 803.349976 690.76001
404.492615 1423.115845 1099.465332 52.970001 -200.389999 502.98999000000003
1625.941284 236.45300299999997 89.749901 590.0 -381.640015 75.370003
1696.456055 1146.090942 1218.980957 117.860001 -487.85998499999994 -136.429993
1415.488892 1450.54126 780.806213 -255.149994 126.230003 -839.409973
1369.040405 1638.338501 803.3701169999999 -0.64 -579.27002 -118.720001
121.49389599999999 858.195923 2292.386719 970.580017 509.72000099999997 44.450001
1981.9278559999998 80.45030200000001 1978.817261 4.36 -305.200012 298.709991
2460.725342 2415.209473 2477.806152 -165.199997 -211.83999599999999 505.32000700000003
1674.178345 2421.338623 826.994385 -235.539993 372.140015 -278.899994
1694.630493 725.514404 838.64978 -150.600006 -197.75 -131.740005
710.482971 2386.374023 1838.3890379999998 77.839996 -378.450012 -480.26000999999997
677.946472 419.358398 2230.244629 -28.66 -560.8599849999999 -510.14999400000005
1181.620483 764.981628 1812.2325440000002 236.17999300000002 -101.889999 184.979996
1674.001831 196.8479 1591.6665039999998 198.58999599999999 -384.97000099999997 87.730003
2332.053223 591.246582 1102.04834 424.51998899999995 583.25 489.85000599999995
317.844696 747.322815 2012.307739 386.079987 -330.5 293.02999900000003
1835.9825440000002 1468.9255369999998 1653.419434 -565.919983 -22.9 -8.96
59.987801 998.310608 2492.360107 223.83999599999999 44.810001 552.469971
351.480286 914.1687009999999 1697.696655 -75.510002 -100.550003 -499.829987
1135.060669 1545.466431 72.098602 -339.01001 436.14001500000006 26.43
408.630615 1960.527588 1128.603149 66.519997 -229.710007 -197.58999599999999
2286.127686 84.42890200000001 642.1348879999999 -3.63 869.6300050000001 113.57
695.618286 1889.297119 768.7149049999999 143.770004 350.519989 442.160004
76.435303 2120.3828120000003 1269.1442869999998 490.160004 130.110001 -160.449997
1832.757324 1470.1092529999999 918.271606 46.360001000000004 -490.959991 59.369999
59.282299 798.1395259999999 525.674622 -185.369995 251.27999900000003 -343.52999900000003
1605.56604 1573.993164 913.0535279999999 -162.28999299999998 -375.22000099999997 -204.91000400000001
1430.848389 1562.756714 1776.563232 -639.97998 394.75 796.719971
930.625916 99.6241 2340.830322 473.39001500000006 -450.67999299999997 -172.559998
2229.071289 1999.604736 474.26528899999994 -76.440002 -370.52999900000003 -122.019997
602.076416 1194.913208 2271.456299 -507.35000599999995 1068.170044 125.550003
2091.424561 1791.1818850000002 323.032715 -341.329987 352.980011 -844.330017
2048.653564 1.5097 2045.059448 -577.02002 304.649994 -132.75
107.432899 332.724487 1345.3598630000001 -168.309998 -292.880005 196.559998
1049.473877 911.720215 1575.34021 263.51001 101.790001 -132.33999599999999
1156.278564 253.40800499999997 1264.626831 -338.27999900000003 337.579987 207.070007
1561.24707 245.52439900000002 1499.189697 -795.25 -358.420013 -116.529999
920.978699 1199.0744630000002 2299.802734 460.52999900000003 -240.55000299999998 231.649994
1728.577759 1914.736084 2190.618164 433.64001500000006 -113.440002 -311.72000099999997
1001.599487 1658.469604 1149.383545 458.17999299999997 -372.730011 -20.049999
2120.013672 1808.046509 914.322388 443.44000199999994 232.440002 811.320007
990.892578 234.45829799999998 1713.327148 -570.469971 377.690002 -310.880005
1358.292725 1153.7504880000001 42.995499 -232.83999599999999 -5.53 754.75
1263.887207 683.8076169999999 1531.287231 607.47998 257.140015 556.710022
1183.985596 222.92990099999997 1116.223511 -116.290001 195.169998 -45.779999
2290.88623 1438.4411619999998 1394.278809 453.25 135.100006 383.850006
1672.569824 1037.701172 396.140106 471.27999900000003 -130.190002 -77.279999
142.776703 1293.794067 38.745399 -153.979996 -412.47000099999997 157.889999
1866.40564 154.423004 1328.4102779999998 -184.240005 179.479996 181.059998
994.116516 806.471191 448.928497 -1087.189941 -261.269989 -474.339996
448.960785 148.002396 2059.438232 -45.540001000000004 446.290009 13.51
2265.771484 143.779495 1029.264526 -80.610001 241.74000499999997 193.91000400000001
1159.903931 2418.8076170000004 2227.214111 -395.019989 633.27002 85.360001
220.022598 382.241089 2087.221924 94.489998 -487.670013 -400.640015
1468.109009 2314.022217 364.48330699999997 -165.28999299999998 -315.119995 54.189999
1021.5217289999999 1119.456665 1065.815674 -22.15 46.73 163.08999599999999
1975.4322510000002 895.9166869999999 1334.540161 51.700001 -118.510002 -461.290009
1477.306519 2148.186279 211.559494 -281.22000099999997 -164.28999299999998 171.309998
1500.924316 993.087585 468.756592 272.02999900000003 312.820007 -388.790009
1059.018188 408.82919300000003 1828.6468510000002 -641.909973 783.799988 -386.940002
433.39810199999994 98.111099 1883.1156010000002 -269.869995 80.029999 -236.770004
812.3748780000001 16.789801 656.667175 728.48999 785.429993 -474.76998899999995
2046.067261 265.43411299999997 1495.735474 -316.76001 127.309998 -59.139998999999996
772.532471 1625.522339 2275.731934 -280.290009 -97.550003 -206.820007
328.702209 978.9561160000001 2023.508911 203.190002 159.949997 390.589996
1181.117554 1435.264526 1295.376221 374.200012 35.68 648.1099849999999
1671.25 1702.530518 481.06039400000003 303.230011 -14.79 -980.9500119999999
1023.785278 629.014099 1103.520264 -545.849976 -544.919983 -446.27999900000003
97.459396 1436.4628910000001 1441.642944 253.16000400000001 -387.609985 467.799988
772.599915 2410.647705 132.104797 660.169983 357.140015 -492.869995
1878.75 2349.891846 943.291626 -335.160004 253.94999700000002 -310.51001
1773.676025 837.377808 208.5401 -2.45 -809.919983 365.600006
40.362 2466.566162 1404.233398 -142.33999599999999 -241.059998 755.969971
2125.400146 1884.0762940000002 252.516006 -569.710022 -710.320007 -17.17
2214.568604 400.150208 2112.941162 275.589996 354.579987 -543.909973
272.640198 1178.483276 1069.48938 536.080017 -157.610001 618.150024
1135.022705 1871.624023 2083.6254879999997 86.050003 675.22998 -561.179993
1566.473999 1667.243042 1959.72229 145.550003 -363.589996 886.0499880000001
2284.515625 1633.564575 1637.6313480000001 212.52999900000003 -8.2 -232.22000099999997
2480.057861 1493.251465 1606.61792 421.920013 -67.400002 261.23999
1659.116333 393.583008 719.075012 -395.26001 581.030029 -879.4600220000001
862.219177 347.860687 29.422501 -296.399994 869.0200199999999 117.93
702.3438719999999 1364.106812 2128.388916 -858.48999 96.959999 -1742.880005
2390.086914 559.870422 751.052124 653.210022 -805.51001 -358.160004
1426.579468 277.4888 27.4545 -118.279999 143.550003 -512.830017
1689.275757 1622.067749 1437.225952 -178.479996 -720.700012 242.27999900000003
615.2617799999999 324.41308599999996 694.329712 107.980003 -163.75 -115.379997
626.68042 897.9772949999999 1141.266968 -716.700012 139.729996 151.759995
32.129799 93.5811 1104.1040039999998 16.370001000000002 150.139999 -170.41000400000001
1340.1196289999998 923.507324 63.374199 -51.389998999999996 -481.14999400000005 -696.130005
995.846985 1721.023804 1419.932251 -191.860001 292.170013 337.73999
853.339722 1617.516479 1207.700439 -175.110001 -175.559998 199.0
795.694519 1341.20813 1295.805786 568.23999 -105.099998 -93.449997
2312.80127 690.913086 2242.544434 -79.620003 -255.419998 -392.380005
2137.6408690000003 667.3582150000001 81.494904 -823.76001 -1.09 -608.070007
779.542419 2046.7983399999998 206.575394 263.880005 -803.210022 -93.32
1350.095581 1732.226318 838.9210210000001 -117.900002 -487.94000199999994 -271.019989
1692.276489 2110.1796879999997 1668.17334 -310.01001 -914.4799800000001 679.169983
1886.260132 348.633392 1077.638062 532.840027 392.540009 327.26001
516.489319 1265.552002 367.545013 303.079987 -347.149994 200.610001
1466.499023 2286.7890620000003 1536.5311279999999 261.820007 -172.029999 260.0
1209.177124 2024.167236 661.747314 -181.419998 6.14 36.330002
2466.970703 1692.381714 1.1898 -75.690002 -786.02002 -461.97000099999997
2048.945557 613.075684 983.9639890000001 1125.050049 1019.179993 -146.16000400000001
2391.232178 2004.0382079999997 1304.994873 -523.27002 -542.630005 -477.410004
649.479126 1793.976196 2262.779297 251.770004 -3.41 -274.290009
2159.246094 467.23611500000004 866.3836060000001 537.659973 853.7100220000001 564.460022
49.058102000000005 1546.870239 2431.73584 142.869995 48.119999 -91.139999
317.141815 1448.706055 1682.6816410000001 111.879997 116.660004 -213.899994
1203.5991210000002 2334.89209 1592.6953119999998 78.620003 282.339996 -128.190002
1974.854736 1666.004395 1125.061035 -299.579987 -68.43 537.419983
673.2346190000001 1571.307739 1539.598511 -449.10998499999994 -583.26001 -91.800003
1305.341919 1155.036133 2172.680664 202.16000400000001 166.360001 -279.809998
152.303299 725.5186160000001 1450.7855220000001 -76.839996 128.119995 381.920013
641.469788 1937.089233 1084.530151 35.43 642.869995 -99.970001
1875.674927 1285.137695 2408.958252 -348.640015 -293.27999900000003 108.0
2184.938965 2000.018188 2063.865479 10.62 -390.839996 -5.45
1719.060791 534.004211 244.563202 561.400024 839.7700199999999 651.98999
913.633118 326.71881099999996 556.770386 -182.419998 -355.429993 110.879997
2318.95874 792.358521 709.596008 -399.26001 117.809998 396.350006
2125.8435059999997 1566.273193 1988.064575 89.029999 -420.910004 140.25
2097.7416989999997 1737.212036 722.18042 -210.539993 167.25 172.740005
985.0637820000001 1825.3927 1826.5217289999998 316.440002 346.25 -65.339996
330.467712 873.901001 1105.505249 864.830017 -339.790009 -161.75
1943.5416260000002 267.705688 2427.1923829999996 -560.119995 -299.679993 621.400024
4.736 1366.844604 1776.094238 -104.610001 310.399994 -315.829987
1406.275513 1322.735596 790.417297 -701.1400150000001 -431.22000099999997 -278.709991
2499.457764 877.9813230000001 2170.153564 -189.419998 -925.3900150000001 -116.690002
261.9534 1831.372314 859.978027 462.5 511.35998499999994 720.22998
177.902298 1399.270752 854.735718 97.389999 28.799999 189.300003
2175.720703 962.8176880000001 1678.067627 417.649994 -26.18 337.170013
2191.404297 1954.64978 2361.449951 338.869995 -543.150024 333.369995
1187.671021 2132.090576 294.567108 -21.209999 128.600006 435.75
1186.689453 2085.887695 2047.040161 -261.140015 -393.619995 49.720001
901.7435300000001 1858.3186039999998 1577.182373 -11.91 -138.529999 125.08000200000001
1445.922729 220.526398 2082.89624 -293.600006 123.400002 -27.639999
17.279301 1895.122925 1444.560181 -215.190002 6.01 -161.179993
437.56518600000004 863.5913699999999 2309.622803 -24.84 -525.400024 -630.76001
2226.128174 1529.625977 1275.307251 -55.849998 -191.020004 39.990002000000004
1401.0001220000001 326.867889 1129.373657 -448.97000099999997 376.570007 280.160004
930.269714 2099.783691 1739.3809809999998 -581.590027 62.439999 -183.130005
1883.108887 1736.5213620000002 1021.3895869999999 -382.059998 -265.429993 297.5
1369.643677 1936.9468989999998 2327.573486 -359.959991 -256.269989 -302.809998
145.061005 1866.045654 1269.268066 14.69 248.38000499999998 68.760002
1355.3826900000001 1813.081421 1032.356934 365.540009 -32.16 -129.440002
2292.6982420000004 656.424988 2251.5466309999997 -156.33999599999999 562.02002 -112.980003
831.5792240000001 275.39950600000003 522.115784 166.919998 -208.83999599999999 -212.32000699999998
2124.90625 2170.362793 2322.763916 78.529999 20.959999 -246.809998
668.625183 1258.445068 445.246704 -166.220001 -570.929993 -208.059998
813.4628299999999 1118.54895 316.245087 -163.71000700000002 453.39999400000005 44.630001
363.808411 2202.68457 880.11499 -17.41 608.650024 -901.679993
1777.346313 479.98999000000003 695.294006 220.94999700000002 65.029999 -265.459991
1640.1328119999998 703.960083 2193.295898 266.869995 -246.33999599999999 -339.709991
577.257507 16.2556 790.7802730000001 106.769997 446.01998899999995 0.23
2440.430908 785.414124 151.579697 -3.02 -518.22998 549.3099980000001
514.304199 2349.8120120000003 2074.567627 139.91000400000001 -343.070007 -261.850006
2223.6877440000003 1213.633057 1374.1782230000001 184.5 -283.440002 -568.400024
1020.7548830000001 22.874399 2368.416748 -309.619995 -77.540001 116.849998
1119.345093 238.27990699999998 1618.888916 208.619995 900.849976 638.789978
1861.8265379999998 1261.723267 91.492104 161.889999 343.190002 218.88000499999998
2414.644531 1154.498291 1321.485229 28.98 187.279999 144.669998
2326.195557 1516.652832 1348.586914 160.46000700000002 -243.33999599999999 512.280029
1005.5006099999999 2051.174316 378.693604 63.43 108.029999 176.529999
629.7294919999999 1707.5093989999998 2212.7502440000003 -14.89 765.150024 -98.809998
503.59890700000005 1770.907593 1552.919556 317.980011 -17.26 -396.980011
147.497406 1035.948486 378.131012 330.27999900000003 62.540001000000004 -147.899994
2329.313232 1761.101196 1346.101196 -208.259995 386.920013 438.39001500000006
827.538208 1250.184937 1193.520264 111.970001 419.420013 -391.52999900000003
1809.332397 355.164795 189.369202 -14.17 124.660004 -47.200001
1954.171509 174.803497 597.199707 -236.61000099999998 -10.66 -724.48999
995.6026 291.637512 1653.126099 -115.610001 -714.429993 305.27999900000003
2443.040283 558.956482 1596.200806 -620.590027 -232.649994 -267.649994
2195.215332 1467.262207 1670.557617 828.52002 -83.33000200000001 205.990005
461.528503 1378.566895 468.47189299999997 685.51001 158.600006 -103.57
441.306396 761.732788 1271.7734380000002 -383.48999 102.18 -290.480011
1388.182739 1332.147583 625.398499 31.51 -186.5 364.640015
1448.051392 717.480713 1648.549683 -619.460022 358.920013 142.100006
2125.175293 1422.1427 1246.539673 -348.429993 -99.019997 272.880005
1677.259033 375.80609100000004 1235.477905 92.019997 -802.830017 794.72998
305.382202 695.646729 2383.913818 -207.66000400000001 -347.049988 -58.259997999999996
900.090515 453.099609 985.087891 508.14999400000005 -627.539978 -257.410004
1249.895264 640.124817 1437.055054 437.60000599999995 410.880005 135.570007
1448.1755369999998 579.521729 1949.527954 474.67999299999997 -783.570007 -433.14999400000005
1770.7830809999998 668.2598879999999 2414.926025 257.820007 -297.25 431.47000099999997
127.111298 777.272705 1121.016724 14.05 -581.590027 -334.269989
1089.980957 1629.06189 1171.5063480000001 -89.010002 -615.1400150000001 264.339996
820.452271 2418.9916989999997 236.67900099999997 -201.990005 409.75 -5.18
1634.307617 789.095093 423.516296 205.600006 -17.33 26.83
395.460693 282.955811 2190.423096 -141.309998 -213.97000099999997 -406.98999
2200.836182 2340.33374 275.702087 -38.029999 -3.27 -397.859985
225.706894 2085.415283 443.631897 324.459991 -376.829987 -238.92999300000002
2172.412842 985.9370119999999 1326.6525880000002 -276.829987 -597.3099980000001 -55.860001000000004
26.807899 371.991913 1781.014893 99.029999 234.57000699999998 94.790001
171.596497 2299.1923829999996 1752.863892 460.51998899999995 79.58000200000001 -120.459999
1540.01355 2227.92041 1360.6057130000002 -217.16000400000001 682.099976 101.910004
1162.062866 606.029724 784.228577 145.899994 -388.850006 416.02999900000003
1398.112549 2449.417725 2384.683594 -714.47998 -148.059998 57.84
2400.310547 1817.26355 1569.874146 2.4 -130.0 194.699997
142.921402 803.460205 2008.029175 -47.439999 95.010002 -86.739998
373.55560299999996 131.172501 1052.908813 34.560001 -38.700001 171.130005
2158.638916 542.684021 1130.4646 385.97000099999997 -70.82 -247.830002
197.910294 262.645203 831.9104 491.049988 -256.320007 22.73
2485.531982 1922.057495 584.2294919999999 -631.099976 -68.91999799999999 -153.119995
1013.2100220000001 1627.837036 478.294891 -525.780029 -86.019997 237.02999900000003
902.2474980000001 350.450592 996.697876 -205.5 154.78999299999998 -9.97
2447.527588 388.32980299999997 1033.098755 -141.550003 -540.179993 44.099998
1282.104492 366.638397 302.150208 225.58999599999999 109.379997 -319.619995
1094.20813 2328.508545 1503.438721 184.419998 62.130001 540.25
672.711182 923.69342 1192.754883 -453.26000999999997 358.079987 -333.790009
2267.573486 2008.164307 2040.082275 -652.51001 -205.800003 -99.699997
1584.29248 124.144501 1454.0742189999999 80.610001 -124.07 62.049999
650.397583 1547.032349 650.8613280000001 23.15 -184.729996 293.769989
1126.174683 44.0285 1982.1180420000003 -241.17999300000002 -305.410004 -389.359985
1339.9570310000001 798.500183 2005.7640379999998 172.46000700000002 -189.25 -716.369995
1092.3027339999999 2258.2270510000003 2029.336182 488.660004 -223.960007 -417.48999
2020.137329 218.72940099999997 1682.361938 79.160004 -17.24 -190.78999299999998
1299.217529 971.629517 2428.826904 249.710007 553.23999 -1053.359985
562.820496 1548.245483 9.5793 -112.790001 -8.98 -975.3800050000001
43.163502 1687.5725100000002 634.7969969999999 324.829987 -476.07000700000003 -114.220001
865.4243769999999 359.43829300000004 32.811401000000004 -1254.5 -1095.02002 694.75
2398.474609 1507.272583 2169.3120120000003 -533.179993 119.559998 -23.190001000000002
1617.5834960000002 2269.209473 654.010986 152.899994 -75.129997 26.370001000000002
669.453491 1071.6914060000001 2267.853027 -164.25 -330.5 -332.829987
2141.557373 1320.80542 1386.7854 -140.759995 501.660004 -49.200001
982.726318 1456.2264400000001 1200.88562 -1.59 -100.93 11.5
200.15649399999998 2369.200684 1959.219238 544.969971 -243.63999900000002 -65.099998
631.672913 589.806213 1613.095459 -923.340027 -224.00999500000003 -244.38999900000002
1610.903931 2447.105225 345.65869100000003 78.739998 -122.91999799999999 -338.630005
402.894592 43.748298999999996 1252.639038 285.450012 147.699997 569.590027
1839.530273 2101.936279 2028.8845210000002 -323.089996 -294.47000099999997 -462.75
598.560913 570.555115 864.12677 306.77999900000003 196.229996 528.299988
208.373901 2278.456055 1342.506714 383.809998 425.450012 -127.760002
1448.725342 2468.175537 790.418091 -96.349998 244.74000499999997 206.770004
1455.970459 2107.047852 697.627197 -249.61999500000002 -90.099998 -429.170013
1691.9233399999998 1418.1469730000001 576.992981 568.330017 -216.729996 140.83999599999999
2305.4111329999996 371.506287 109.130997 -184.259995 -349.320007 -631.26001
1818.997559 1204.877319 360.41391 -15.79 147.630005 -761.159973
263.678314 318.734894 1074.262939 251.25 165.759995 792.27002
999.98761 1447.448608 547.7636719999999 -110.190002 257.549988 168.21000700000002
1239.787842 1783.273315 1324.446899 647.0599980000001 -95.760002 93.889999
607.870789 1867.0653079999997 2363.3544920000004 154.529999 -76.57 -117.809998
830.854614 1456.337036 2364.68335 324.790009 250.460007 -20.360001
1189.5307619999999 1653.541626 675.696106 411.950012 606.789978 65.029999
92.2911 2206.074219 442.41531399999997 -220.38000499999998 106.089996 308.790009
1874.204346 1147.631836 1502.7192380000001 -292.660004 -125.870003 177.899994
2327.8984379999997 47.822201 613.835083 -334.700012 419.920013 -125.93
2431.534424 564.07312 1552.693481 -593.880005 -999.5399779999999 853.3800050000001
1928.970459 567.417603 1414.0545650000001 362.940002 186.440002 33.459998999999996
39.486301 1625.913208 539.8281860000001 203.449997 132.96000700000002 -220.520004
1352.868042 1174.4139400000001 1344.231201 -238.25 441.880005 239.82000699999998
672.163574 660.102478 56.9547 -627.700012 -103.489998 -263.910004
1543.797974 2376.443359 738.615417 -723.080017 191.729996 227.55000299999998
787.745728 767.382629 2002.575073 132.119995 497.30999800000006 4.41
361.997101 83.4683 28.852501 -57.810001 -59.599998 149.759995
234.93629500000003 1318.387329 2274.682861 46.220001 -105.639999 106.910004
1423.481812 1776.019775 230.66780099999997 -223.83999599999999 217.77999900000003 -89.099998
1132.8751220000001 2223.677002 1071.909302 -535.880005 -20.440001000000002 -338.380005
1858.4748539999998 2376.353271 782.8903809999999 -511.57000700000003 -426.48999000000003 27.74
1227.603394 2162.901123 1320.372314 -303.809998 171.5 432.589996
571.4240110000001 156.7612 2404.0986329999996 68.57 313.859985 -790.820007
758.374084 2346.193848 209.320496 447.329987 344.410004 55.549999
675.23468 1389.345703 75.743401 184.389999 -231.330002 -654.3099980000001
2094.868164 1131.844849 514.576721 -634.039978 510.60000599999995 19.870001000000002
2280.70459 1408.926758 1610.65625 -343.630005 18.15 275.660004
1081.243042 1416.048706 369.628815 657.929993 146.389999 -200.75
927.9876710000001 725.289429 2397.9453120000003 382.160004 -71.269997 572.700012
2234.256104 1245.328735 500.496887 -561.330017 522.1900019999999 323.410004
1970.195801 1082.44165 505.55108600000005 -286.880005 556.130005 -300.630005
865.9539179999999 2168.043945 489.37118499999997 182.300003 415.48999 162.070007
1957.9473879999998 703.976685 1192.643921 -439.619995 153.75 424.700012
2195.43042 750.227173 910.4581300000001 202.990005 1058.150024 89.43
1170.988892 1589.3129880000001 1374.9067380000001 -272.27999900000003 529.1099849999999 100.480003
2293.216553 306.69570899999997 2294.7885739999997 -860.7999880000001 -6.85 -53.16
1875.3802489999998 1602.276245 2045.329468 -99.120003 315.619995 -437.82000700000003
1272.940674 297.072296 978.95459 -90.379997 381.399994 -8.0
1785.675537 2176.47876 2440.046143 -99.279999 181.46000700000002 22.459999
572.926697 1102.585083 457.85690300000005 46.93 304.630005 -164.729996
487.025909 1246.731201 1097.293457 -298.329987 432.76998899999995 380.140015
274.830109 1472.0582279999999 1611.564209 -330.709991 26.32 721.869995
106.210403 1215.376221 1038.06604 97.029999 -535.119995 -315.839996
1142.869751 90.090401 709.8724980000001 -116.400002 266.799988 171.369995
312.059601 655.554199 2391.24585 -181.479996 -556.26001 -305.880005
1528.597534 2102.488037 391.014496 33.669998 -138.25 93.589996
1362.6877439999998 1518.7380369999998 1923.18811 -339.790009 -114.059998 42.869999
790.975586 707.331421 1115.7613529999999 49.720001 -337.059998 -123.08000200000001
1755.207275 1434.18103 1055.743408 -221.580002 -566.02002 -567.650024
836.883484 1378.324341 252.38439900000003 -212.080002 -114.010002 -81.339996
1469.716797 360.119995 68.07710300000001 -175.520004 -143.350006 19.42
2369.7895510000003 941.10553 1097.675171 275.100006 140.66000400000001 -359.690002
1410.740967 115.029701 822.071228 10.77 -126.75 -53.290001000000004
1891.1492920000003 832.275208 1361.517456 -582.450012 -0.48 -802.76001
363.617889 562.637878 1480.485229 191.729996 475.76998899999995 173.820007
2368.62207 1185.362915 2490.67749 -30.860001 66.379997 56.439999
1305.2661130000001 2071.404297 929.5733029999999 -281.52999900000003 -213.960007 -211.49000499999997
273.52288799999997 589.286926 1108.087158 -143.300003 167.690002 423.579987
229.429398 1894.40332 1225.8514400000001 -520.369995 -183.66000400000001 13.29
827.149109 1969.72937 186.687698 -178.71000700000002 150.720001 -698.219971
1612.3636470000001 1233.424805 352.093506 183.300003 -256.549988 -360.929993
1702.175171 152.102905 918.8864140000001 -301.929993 -574.1400150000001 518.669983
2345.032715 70.341301 635.568726 91.160004 1150.300049 -151.509995
2153.52832 1849.995728 1952.2600100000002 11.73 -237.5 722.580017
639.6828 1084.180786 1808.6580809999998 -258.540009 -286.660004 -619.659973
1906.6546629999998 2427.703857 1079.63208 -171.559998 -36.16 392.97000099999997
1235.250366 1296.112793 1307.92334 20.809998999999998 -529.679993 194.380005
2267.303711 1891.175293 2433.802734 -315.589996 670.5 -4.05
121.729202 2228.409912 2226.6357420000004 -373.700012 -52.84 19.379998999999998
566.773376 2444.915527 127.338402 352.570007 -72.110001 -396.790009
1919.9046629999998 524.086487 2079.715332 -219.440002 90.949997 -285.089996
1829.639893 501.249207 939.773499 209.46000700000002 180.720001 304.670013
2.9366 721.450012 946.866699 -646.150024 120.349998 1044.339966
2195.477539 2467.121582 1173.15271 552.1099849999999 349.440002 -931.6400150000001
1000.232788 1191.8636470000001 30.4732 -157.050003 609.8900150000001 -707.530029
481.84399400000007 366.486786 1017.5593259999999 164.300003 -75.32 127.349998
1335.163086 1622.552002 12.1468 -150.389999 466.290009 160.649994
983.5731810000001 264.06601 1974.305176 445.94000199999994 -409.149994 -63.290001000000004
890.907776 1366.556763 1189.751343 -204.320007 405.690002 53.380001
1172.654541 1310.8283689999998 2362.615723 68.879997 192.070007 -579.849976
17.7008 1396.407837 2297.362549 -750.700012 -355.619995 84.41999799999999
1160.86438 1290.36438 2304.7963870000003 144.899994 -16.98 -82.059998
987.717285 1959.9346920000003 1832.442993 701.599976 -400.859985 -343.269989
1874.560059 2380.74292 845.033386 163.360001 -286.410004 -276.109985
2191.309082 84.718399 62.927799 -151.25 198.259995 798.669983
1085.313599 1858.7277829999998 1988.5023190000002 -255.11000099999998 -172.509995 95.089996
2389.210693 1305.401367 709.485718 -113.790001 208.860001 206.630005
1478.72168 536.0131230000001 337.75079300000004 451.76998899999995 -156.58999599999999 -219.919998
623.2974849999999 1408.135742 1273.61792 -503.829987 501.26000999999997 -776.52002
1178.456177 606.6279910000001 1070.227661 19.15 233.38000499999998 106.470001
316.151215 1097.299927 1485.002075 1295.560059 662.150024 427.69000199999994
302.82330299999995 1495.374268 1225.6030269999999 259.670013 500.410004 128.070007
2207.2583010000003 967.791809 748.194885 -83.529999 71.949997 -7.29
1840.966064 2263.991455 106.608002 -95.849998 -89.699997 -88.370003
1259.435425 2128.921143 1991.6826170000002 -638.450012 -120.639999 192.419998
721.605286 935.050476 1781.952637 -246.710007 38.84 239.69999700000002
2334.392334 2041.391968 2444.261963 -82.629997 449.869995 -726.3099980000001
668.698425 889.7061769999999 172.20730600000002 533.700012 77.290001 -374.089996
719.702209 1655.821289 148.449005 -392.950012 -162.020004 -151.820007
121.211304 1074.637573 1845.4624019999999 76.75 -217.13000499999998 -277.589996
2195.291016 771.5957030000001 1185.619507 -374.160004 242.88999900000002 117.129997
1919.067627 2261.14209 888.8095699999999 -430.369995 -274.540009 -137.110001
1889.956543 2485.1879879999997 66.354698 -151.169998 115.650002 -179.149994
194.04179399999998 2332.753418 1147.767944 93.209999 -175.059998 -546.8599849999999
670.86731 2417.3671879999997 1857.091064 321.160004 -267.600006 10.87
786.006897 3.9287 347.5672 -9.09 687.169983 -190.679993
2046.2705079999998 2144.684082 801.854919 121.540001 88.470001 -463.380005
517.544983 1409.1772460000002 1904.615845 -422.22000099999997 -400.130005 -648.960022
807.8867190000001 1336.167114 2258.63916 -184.479996 -251.38000499999998 576.280029
1997.938721 742.6834719999999 1701.65979 597.0 231.830002 632.880005
2254.040527 2103.592529 1290.903809 -76.57 -861.929993 657.6400150000001
1272.536743 847.4893800000001 454.496307 708.200012 -729.719971 -242.97000099999997
411.137604 267.876892 1002.5855710000001 -393.75 -163.979996 135.850006
1044.0036619999998 486.559296 1818.044189 -366.890015 377.799988 135.639999
1322.1303710000002 723.2363889999999 2264.824219 -61.869999 339.47000099999997 344.670013
1247.287476 1376.2304689999999 1098.797974 -342.730011 -41.610001000000004 -68.0
1083.039673 2012.098389 1387.852295 -590.820007 30.530001000000002 -99.32
692.187012 130.033096 437.448212 -386.079987 -467.51998899999995 -33.84
2382.92041 253.093704 783.739685 218.5 173.639999 235.649994
745.566589 1488.079224 1528.585083 85.91999799999999 -478.01000999999997 3.03
2277.111572 219.340393 149.151306 -156.270004 877.580017 -174.0
1034.672485 1129.420166 2104.625 97.190002 -167.110001 -714.330017
2106.274414 1497.085449 1801.1965329999998 -38.279999 -359.160004 -71.980003
1188.354736 2380.842773 2167.8278809999997 174.619995 425.709991 -2.77
1704.370239 1193.41333 584.783875 123.900002 -277.950012 448.200012
100.036301 1416.080566 756.244995 -218.080002 218.58999599999999 -73.449997
1116.623413 1235.251099 87.196297 -325.299988 367.459991 73.220001
2438.811279 2049.769287 779.13562 -107.849998 -366.769989 1258.530029
1098.890625 2097.728516 1801.680176 237.75999500000003 -57.900002 -31.77
796.795227 2490.939697 1665.900024 -171.639999 -116.790001 468.660004
388.829987 542.259399 1507.936768 63.209998999999996 495.89999400000005 200.320007
2062.934814 337.475403 2203.407471 -134.53999299999998 121.870003 -152.330002
2206.3432620000003 643.1229860000001 2025.348511 -212.99000499999997 240.520004 -186.759995
2309.2229 445.28790300000003 1678.456055 -314.420013 -141.630005 398.100006
938.164124 804.210205 1145.125366 286.809998 -397.660004 364.890015
1971.576782 1509.640991 496.158112 25.559998999999998 -156.100006 126.239998
954.151978 1610.835083 1728.236084 -213.11000099999998 -299.619995 493.73001100000005
370.729309 435.801605 2008.251343 513.3599849999999 -433.049988 -412.339996
1394.6876220000001 1279.423096 148.663101 336.859985 -439.709991 668.8099980000001
1749.476196 127.792503 47.557201 262.690002 -20.280001000000002 -231.399994
1987.272095 2347.424072 986.7064210000001 -329.179993 -11.99 -189.759995
738.897095 348.85159300000004 1458.213135 -21.99 13.09 -139.199997
2448.055908 1649.643433 2014.408325 191.619995 -52.139998999999996 -39.990002000000004
304.044189 1074.604492 446.835907 1139.02002 -764.8900150000001 -230.86000099999998
2285.5517579999996 834.840027 2154.697266 566.200012 357.690002 390.48999
1942.173584 1490.063721 1788.804077 522.0599980000001 -224.169998 482.0
1034.028931 1642.156982 1471.700317 -748.01001 -127.949997 -370.820007
1735.8496089999999 2079.718018 2004.8958739999998 -176.520004 315.329987 629.47998
633.664612 2485.275879 1252.536499 674.659973 -189.029999 337.790009
2152.304932 2209.380615 2077.724121 -465.60998499999994 -844.4600220000001 -57.220001
1693.9554440000002 677.994385 2129.882568 67.190002 -131.070007 -417.299988
1552.6816410000001 1905.9165039999998 1083.204224 240.059998 13.88 244.92999300000002
708.770325 2262.233398 347.027893 215.75 37.009997999999996 137.850006
1110.63501 2003.435425 512.49469 13.32 -104.110001 -240.44999700000002
1208.938354 2252.384277 1052.560303 110.489998 -172.529999 -264.040009
330.868896 264.16409300000004 1990.8739010000002 122.370003 -110.300003 188.149994
2394.8442379999997 1153.892822 780.7283940000001 -43.52 668.97998 403.899994
2205.012695 2031.793091 270.60641499999997 466.01000999999997 -199.610001 -3.24
1219.66626 246.79760699999997 2086.037109 354.97000099999997 -222.350006 -164.580002
853.019714 2323.975342 619.294312 -406.48999 132.929993 572.099976
1882.449951 630.346313 623.545288 31.299999 -592.280029 149.58999599999999
1544.170532 1936.3465579999997 1108.1445310000001 -122.790001 -33.860001000000004 -311.899994
1959.91394 466.756897 226.3741 -94.93 148.169998 117.540001
237.738693 511.05340599999994 164.266602 -545.450012 -108.41999799999999 -773.0
1878.7130129999998 2288.420654 1558.227295 -483.619995 59.77 -330.22000099999997
989.503723 475.856812 1919.0979 -285.670013 -33.66 -12.21
1559.271851 1115.234375 400.488495 505.950012 -260.76001 -1065.040039
1431.93457 1937.751343 267.404388 54.470001 -1335.819946 1183.339966
1273.3022460000002 1683.210571 684.791626 -698.590027 85.57 532.51001
962.345886 1751.6037600000002 1162.229248 -109.779999 -25.629998999999998 18.25
1079.637451 799.114319 21.758801000000002 -535.8099980000001 -67.099998 -262.790009
1258.849365 1516.037476 1789.511597 139.009995 475.60000599999995 238.330002
1189.927368 576.529175 2126.497803 72.980003 196.029999 246.36000099999998
41.919498 249.860504 296.047302 426.26000999999997 284.420013 115.83000200000001
2311.019531 2417.1611329999996 686.0020139999999 29.75 82.349998 185.759995
489.621887 1092.564331 2253.8439940000003 -414.25 35.299999 118.410004
1167.814331 33.478802 352.285797 -191.169998 342.769989 -477.02999900000003
2070.388916 2034.466309 2090.553955 -262.570007 394.75 -884.5
1698.187622 1512.783081 1536.32959 -62.48 233.86999500000002 -50.299999
2401.826904 1689.764771 776.0280759999999 -213.979996 -337.130005 337.25
1751.6788329999997 958.331787 1605.015625 -284.679993 676.429993 -843.1900019999999
1070.60791 686.711792 1565.9101560000001 13.94 -92.029999 -249.669998
2142.874023 1277.4451900000001 2250.970947 -227.77999900000003 -250.460007 331.190002
2080.7817379999997 897.685913 2395.996826 359.540009 -400.799988 -306.77999900000003
71.778198 1587.123413 1698.9475100000002 -323.540009 -24.35 -278.160004
2107.1298829999996 309.784393 794.942017 -26.059998999999998 120.389999 795.530029
18.537701000000002 2072.917725 1573.55249 501.630005 -837.73999 243.440002
750.645081 2215.73584 935.552673 217.979996 -815.3599849999999 364.600006
640.173523 1920.327271 1754.0876460000002 -39.959998999999996 135.58999599999999 60.389998999999996
1808.0136719999998 683.073486 872.2645259999999 -302.420013 251.399994 -129.259995
1481.765991 351.949707 1558.13562 168.380005 -38.48 -91.879997
1626.5195310000001 2177.2495120000003 1094.193481 81.190002 108.459999 427.290009
674.814026 2342.061523 943.964294 54.220001 142.03999299999998 44.630001
2326.712891 423.614197 201.21310400000002 -33.060001 133.429993 -21.540001
313.197296 2126.860596 2335.231201 -139.990005 19.799999 -234.270004
2439.68335 44.953201 1287.1248779999999 -232.559998 385.179993 -57.349998
286.076294 149.187698 2403.811768 241.63999900000002 -178.820007 387.0
1367.298096 1408.220581 2218.721191 -259.26001 0.07 50.650002
969.687622 798.598511 0.9765 158.720001 -61.830002 335.070007
2210.330078 1725.129517 1509.756592 -332.48999 -137.979996 -245.270004
2312.76709 243.63580299999998 2109.966553 -176.0 -14.17 -531.869995
1783.183838 87.9729 1836.3815920000002 77.360001 -333.25 281.899994
1263.805298 1536.515991 992.3878779999999 203.350006 -9.73 -468.079987
114.477097 827.791626 2450.212891 -321.76001 -309.179993 -464.92999299999997
840.3081050000001 205.244003 2130.454102 -26.74 -1273.48999 -752.869995
2470.054932 545.168579 1604.6660160000001 -636.47998 -54.5 121.82
182.876404 3.407 887.576172 322.369995 284.690002 -88.949997
2357.751221 878.2199710000001 1931.812622 112.379997 252.11999500000002 455.47000099999997
1044.95105 60.438801 988.875122 13.56 118.190002 -304.179993
559.141174 296.98941 690.426392 791.330017 -413.390015 -415.480011
1416.254517 1891.386963 2030.0999760000002 -117.129997 -35.779999 -104.209999
1410.6835939999999 1404.32959 2359.397461 110.660004 -216.30000299999998 -19.219998999999998
812.164673 98.259499 511.192505 37.299999 324.73999 -141.880005
1597.640991 145.96400500000001 143.445602 9.58 139.580002 80.449997
2376.9060059999997 2268.720215 1403.974731 94.349998 -756.1900019999999 -629.039978
1276.604248 1162.331909 1666.032471 -268.47000099999997 -17.32 322.459991
1307.109985 583.9003299999999 2198.272217 91.209999 9.05 393.450012
2417.5932620000003 855.213501 1474.6186519999999 -544.900024 159.529999 -293.910004
1586.03418 1559.840454 2098.4846190000003 -44.720001 -179.509995 -241.80000299999998
903.394714 1854.1188960000002 739.297913 -110.68 743.1900019999999 695.8599849999999
1885.5090329999998 42.161301 471.442688 155.440002 -536.450012 1063.0
1305.4101560000001 243.059494 1002.7841189999999 12.3 -92.190002 -241.86999500000002
840.050415 146.681503 424.950409 -242.08999599999999 -461.5 -78.93
284.45550499999996 397.263489 1809.086426 171.25 -457.73999000000003 189.729996
860.6439210000001 1488.934326 1805.983032 94.110001 -38.490002000000004 -223.330002
1344.8630369999998 2185.790283 2164.13916 -206.41000400000001 -304.959991 -483.35998499999994
1248.154053 2004.435059 1371.089233 -150.970001 82.82 -507.30999800000006
2338.014648 880.375916 1234.9179689999999 -106.349998 -342.579987 -31.23
2394.825684 1472.19397 1535.5078119999998 -599.570007 -339.089996 -527.52002
808.268921 924.000122 1017.6029050000001 -255.559998 1123.819946 513.400024
1538.898682 1853.226929 2220.407471 -1011.820007 -774.159973 -72.110001
1188.409302 823.578674 792.2005 5.78 -144.919998 -572.539978
507.051605 2419.838135 1816.60083 -450.920013 160.119995 107.620003
58.3582 204.060699 1283.6953119999998 -67.360001 -293.209991 -410.980011
619.22699 1804.960327 274.70419300000003 -459.619995 435.459991 421.089996
1983.269897 2218.8671879999997 709.2374269999999 112.839996 -345.380005 4.31
2285.879639 1030.0313720000001 1165.041382 104.379997 -29.549999 52.66
1161.876831 551.889282 2320.665771 69.07 329.519989 -473.200012
529.5408940000001 692.649414 513.6561280000001 166.979996 352.160004 192.33999599999999
1878.74646 232.835907 2114.41333 -37.790001000000004 443.200012 -312.27999900000003
1708.778198 280.371185 1876.2403559999998 49.110001000000004 -370.850006 291.140015
386.333099 1593.3383789999998 624.210388 -293.399994 137.880005 144.130005
267.27108799999996 110.666702 2211.470215 -294.829987 314.47000099999997 153.119995
1594.576904 1550.6132810000001 249.767105 454.619995 -72.510002 -430.880005
2241.518799 7.5524 1105.903931 -292.799988 540.369995 472.339996
761.142883 289.512695 68.532898 -310.440002 421.17999299999997 350.809998
1067.7266849999999 1985.773193 1683.543701 -315.359985 447.23999000000003 -244.07000699999998
1169.1411130000001 2174.625977 39.548698 19.200001 99.989998 -299.100006
740.598816 463.995209 1029.930054 133.880005 -5.99 277.149994
365.92819199999997 806.820129 976.047302 -13.86 -61.34 272.420013
318.34078999999997 294.903412 2448.547852 -432.52999900000003 439.290009 -432.67999299999997
1385.835083 2369.2138670000004 2248.563965 -85.849998 -57.869999 -259.630005
1007.785583 442.47421299999996 1931.456665 -45.73 -394.019989 394.660004
543.435608 800.513306 1790.440796 451.55999800000006 71.029999 183.860001
1671.4692380000001 648.719299 1146.2734380000002 -15.08 90.730003 -119.470001
72.188797 811.476501 278.907593 -107.540001 248.11000099999998 -419.160004
1569.7807619999999 1282.47937 1467.4689939999998 -581.179993 309.109985 78.68
225.1689 1651.477417 2145.368896 -272.079987 -95.18 39.16
379.312286 1129.244751 1473.18689 -38.57 343.269989 -32.900002
1421.516479 1134.609741 1898.19812 -211.580002 419.73999000000003 -403.48999
523.040283 2168.580811 2095.105469 215.149994 -432.22000099999997 -139.889999
1143.245239 120.781403 884.867188 219.75 -247.479996 -291.799988
2051.817627 1068.543091 2107.171875 -397.980011 -48.450001 461.85000599999995
273.7435 301.57739300000003 776.378784 -119.68 140.75 -270.549988
1796.973511 2259.682373 268.208313 51.810001 -88.110001 -65.279999
973.998413 615.096313 907.865723 248.55000299999998 182.350006 -24.4
2004.5799559999998 665.3341059999999 925.4072880000001 40.93 -224.92999300000002 29.66
1002.4835210000001 1122.271606 858.4229740000001 136.360001 1035.26001 -572.030029
1288.8498539999998 1661.860962 1256.89624 -63.490002000000004 220.94999700000002 653.4400019999999
1315.883667 1403.0373539999998 155.002502 118.519997 386.660004 -110.279999
227.868698 1843.394165 964.4556880000001 230.0 330.329987 -39.91
1698.1604 275.923492 1380.320679 -99.33000200000001 -648.6900019999999 -26.959999
2042.14978 2475.800537 1527.197632 482.540009 172.639999 -86.110001
1394.4920650000001 2259.976318 169.4608 -155.46000700000002 -172.729996 114.5
340.741608 2422.68457 324.406708 397.709991 -78.050003 278.0
229.42100499999998 1848.9356690000002 1729.498291 -112.33000200000001 -794.039978 534.6900019999999
1773.511475 243.762894 383.06280499999997 -361.089996 80.309998 -64.339996
1791.8139649999998 2116.951172 1964.311768 196.399994 -584.099976 -291.299988
401.631714 2326.205322 1652.100464 204.919998 -118.769997 546.619995
1058.032227 1834.2097170000002 2339.042969 595.419983 -460.69000199999994 -350.700012
167.713699 2490.848877 1383.201172 651.73999 241.559998 -14.21
1719.776123 1850.6353760000002 1552.245483 452.19000199999994 594.3599849999999 -141.360001
2276.9482420000004 1701.426514 478.755188 3.45 -531.400024 -177.440002
52.310798999999996 1084.273682 917.3743289999999 202.389999 177.880005 498.05999800000006
939.408875 2117.422607 370.058685 497.89999400000005 -439.959991 521.1400150000001
330.17639199999996 1955.4597170000002 773.881714 28.139999 104.099998 1029.530029
1544.708374 2434.469727 1424.543823 5.19 714.469971 1197.77002
670.3468019999999 1988.608521 1256.96582 429.630005 -156.889999 390.130005
2184.1521 268.17919900000004 533.860229 132.399994 101.129997 -412.190002
505.226288 2453.67627 2354.885986 -380.579987 -144.770004 488.660004
2096.472656 241.775406 744.0958860000001 -46.32 272.980011 343.059998
783.4492799999999 576.3084719999999 1808.7203370000002 622.830017 176.529999 389.200012
442.689301 57.725899 1804.0092769999999 -654.099976 -184.0 324.190002
2117.663086 1761.1774899999998 732.3341059999999 -417.76001 -433.540009 568.1099849999999
2210.677246 731.229919 1575.137451 -243.61999500000002 159.830002 -64.129997
1928.533936 689.149597 436.134491 -335.899994 -187.139999 -376.22000099999997
1192.031982 247.600998 1400.446045 332.420013 607.460022 334.410004
666.945007 901.6143189999999 1471.4941410000001 138.759995 451.450012 559.1099849999999
2358.798828 750.9207759999999 1487.70459 -206.199997 -165.119995 -244.419998
701.953796 1154.9526369999999 1021.987915 497.14001500000006 -124.360001 532.1099849999999
2187.660889 1681.332642 1928.484375 7.6 214.32000699999998 150.860001
2031.952515 2233.80835 628.451416 -906.1900019999999 -27.139999 574.4400019999999
517.953979 1850.4124760000002 2412.501953 -101.550003 -151.699997 -47.150002
55.0788 1543.9219970000001 1718.382324 29.860001 250.75 -193.520004
2234.982666 900.7709960000001 211.225204 93.559998 333.179993 -228.47000099999997
654.352478 396.72790499999996 900.9968259999999 -100.959999 -94.690002 -156.860001
1385.965942 181.46270800000002 1153.140625 59.330002 213.210007 -44.43
1901.2100829999997 76.43 43.305 265.02999900000003 141.71000700000002 15.75
251.624802 71.385597 821.138428 8.27 16.790001 -234.66000400000001
2123.012939 2419.8396 1597.685059 -184.360001 -419.149994 259.959991
1285.431763 2465.220703 126.783302 154.130005 -137.330002 -157.28999299999998
1887.685425 269.860504 1382.622803 327.679993 -456.80999800000006 946.4400019999999
26.4429 2033.624878 2198.0205079999996 -247.539993 669.97998 3.05
2461.990723 1900.144531 1825.997314 1215.420044 76.519997 -241.729996
2436.246338 2269.016846 1835.283325 -328.22000099999997 -577.98999 75.370003
1004.8933720000001 893.6571039999999 2148.976318 357.920013 186.570007 458.89001500000006
1881.644897 94.391701 2341.746826 -228.88000499999998 734.77002 517.919983
555.791016 1245.524414 345.995514 -384.640015 86.730003 372.22000099999997
1408.732056 1173.670288 165.092407 160.399994 393.940002 -25.33
2336.020752 1781.435059 528.103821 -90.220001 391.179993 -343.820007
395.358704 1679.6546629999998 219.33270299999998 -191.21000700000002 -647.340027 -496.209991
2231.358398 2290.556396 621.921021 -701.6099849999999 294.640015 584.969971
851.3798830000001 2418.639648 485.362305 -227.63999900000002 297.399994 533.369995
2260.845215 2441.339111 1008.4091800000001 -195.580002 365.25 268.209991
2162.333252 648.8430179999999 1421.294556 -53.709998999999996 -1157.25 -354.519989
325.52929700000004 1449.089966 199.003601 -16.4 666.429993 85.099998
266.78961200000003 2200.2771 159.53010600000002 -16.41 98.58000200000001 -333.410004
2333.545166 1019.218872 1808.536011 -572.3599849999999 -194.940002 -5.04
2250.895752 2087.0546879999997 1831.874023 -567.400024 -139.940002 -535.280029
1490.366821 1646.42395 1764.3657230000001 -348.660004 -358.589996 189.369995
1597.050659 963.7802730000001 211.85229500000003 79.93 175.449997 478.77999900000003
718.763184 2209.290039 472.218292 -370.649994 412.119995 252.539993
1683.042603 2158.072754 131.496094 490.920013 58.509997999999996 143.020004
1757.554565 595.099915 1475.215698 -481.25 197.740005 -73.050003
2012.246338 1725.037964 1432.94043 -438.839996 99.980003 -336.100006
736.280212 1385.15979 1431.222534 -277.049988 252.0 0.21
141.847305 1025.966431 1587.521362 -841.3800050000001 754.630005 -87.389999
1879.913696 18.9683 1702.0986329999998 -226.309998 -268.420013 143.889999
777.4542849999999 2447.091553 1724.4897460000002 452.92999299999997 -166.809998 -162.020004
199.756104 799.4823 2456.2421879999997 -173.25 -161.78999299999998 -241.72000099999997
1918.1669920000002 960.765808 1549.7749019999999 178.16000400000001 -73.870003 -369.890015
2412.758789 134.322403 2216.4326170000004 630.27002 174.600006 163.380005
838.01123 1047.9116210000002 1478.263306 94.970001 523.1400150000001 -177.110001
2243.6801760000003 1740.606689 603.6561280000001 -328.950012 -5.21 353.75
2410.445557 2297.537354 16.601 417.269989 85.839996 -250.97000099999997
720.534485 1643.7460939999999 854.0150150000001 14.49 -65.43 -153.53999299999998
2488.310791 683.9193730000001 1683.69458 -145.970001 -230.05000299999998 261.809998
563.121216 628.3341059999999 1377.27124 -751.919983 300.869995 180.350006
258.962891 1400.21521 612.654175 -124.980003 -35.75 174.08999599999999
1564.286499 2353.458252 434.43411299999997 36.639998999999996 -399.410004 -205.149994
808.993225 582.6132200000001 287.97711200000003 -154.71000700000002 -296.959991 -380.420013
464.03421 268.282013 1421.337769 360.179993 393.329987 -26.120001000000002
1228.664795 2056.1403809999997 624.508911 -111.989998 -443.200012 225.039993
1892.927002 1997.065918 2104.88623 -117.889999 -214.69999700000002 -154.649994
732.934021 1373.633179 650.4121700000001 325.519989 -527.1099849999999 -218.100006
2152.207764 915.728577 328.96820099999997 -719.710022 82.489998 -20.01
2256.8798829999996 1944.1112059999998 1936.850952 -65.690002 -133.940002 311.670013
81.830597 894.9014279999999 1577.232422 -151.08999599999999 104.93 393.140015
705.886475 67.028 16.730499 130.419998 -603.400024 -118.91999799999999
2204.580322 324.270599 1878.9743649999998 390.859985 390.73999 250.600006
1811.638184 573.18512 1978.8878170000003 -375.609985 -141.729996 -228.460007
2304.46167 1506.0625 1037.292358 -154.520004 607.789978 -767.030029
268.120789 2236.985596 702.6699219999999 489.73001100000005 -519.400024 490.670013
2254.636963 2072.018799 1031.341064 267.609985 -40.189999 241.13000499999998
2277.739014 2059.715576 1673.572144 -57.029999 231.67999300000002 -168.949997
2024.664429 48.682999 402.714111 446.73999000000003 -92.800003 282.76001
1983.051514 347.75338700000003 2439.753906 -130.119995 -84.599998 202.169998
1356.502563 403.90921000000003 946.640076 -935.4500119999999 -5.14 -765.72998
729.7354740000001 57.011501 612.479919 724.6400150000001 -449.73999000000003 -400.170013
1183.668457 2413.2338870000003 1374.6000980000001 56.220001 81.610001 -47.68
1358.110474 1828.573364 1895.4859620000002 -312.0 27.92 43.639998999999996
1928.031128 234.251099 21.413099 455.619995 232.86999500000002 -484.51000999999997
1020.8723140000001 63.679798 1952.331787 -734.73999 -494.660004 65.269997
1668.2250980000001 1693.281128 2001.841309 -182.0 -583.830017 -187.169998
949.832825 1392.312866 1103.732788 -71.639999 583.8599849999999 191.429993
715.4382929999999 542.023499 1096.830444 913.98999 -215.77999900000003 -62.540001000000004
984.8839720000001 102.710503 883.0828859999999 -115.41999799999999 -272.820007 -505.27999900000003
931.335876 276.634613 1544.2266849999999 -695.650024 -215.229996 -46.880001
807.870605 1146.188721 790.2207030000001 405.070007 131.830002 -366.929993
1305.968018 431.123688 1920.980957 129.080002 -140.03999299999998 185.759995
2119.8520510000003 1902.234009 241.090393 -402.769989 -1493.369995 -527.419983
1620.923218 18.9748 1914.1037600000002 -589.02002 -347.880005 164.919998
1609.68042 1525.070068 2467.072754 -441.02999900000003 274.73999 -349.929993
24.8769 1951.220459 2498.19751 554.380005 133.050003 -165.399994
775.977173 1906.952271 1167.067139 -235.05000299999998 -472.339996 -43.25
1774.817017 1588.248535 2163.42627 -674.1900019999999 414.429993 -144.449997
30.2806 116.15969799999999 733.1524049999999 -481.77999900000003 147.630005 249.16000400000001
1407.662842 1385.278564 2351.407959 160.979996 223.50999500000003 61.43
39.325901 1071.9141849999999 2180.4021 -87.16999799999999 -518.909973 527.169983
1190.826904 2307.328857 1423.35498 -100.730003 -688.039978 383.329987
1080.852173 2455.671143 1625.001465 -198.320007 -307.670013 -32.639998999999996
1236.293701 1698.545654 695.039124 -160.080002 -48.049999 -205.529999
965.051025 1021.3306880000001 315.354706 471.94000199999994 -765.219971 -1008.2700199999999
887.0048220000001 1757.725586 2473.114746 128.270004 -60.150002 -550.919983
673.81488 1367.931274 2386.0473629999997 81.470001 -293.390015 -353.480011
2.6059 1594.916748 131.770096 -559.799988 21.540001 -307.72000099999997
2229.011963 804.762085 766.529724 -100.010002 54.080002 62.959998999999996
1252.813599 748.803894 948.96698 569.97998 -399.480011 321.450012
921.691284 2323.974365 299.82818599999996 119.900002 197.830002 915.599976
1115.778564 893.23822 224.428406 533.710022 -50.290001000000004 -172.470001
2130.345459 1842.497437 110.18319699999999 82.379997 356.589996 54.310001
665.786804 477.84680199999997 687.266479 806.8900150000001 451.880005 -647.679993
1669.255615 1506.974365 397.00698900000003 -140.190002 -588.820007 52.200001
573.084412 1642.391479 879.9351199999999 -277.170013 143.08999599999999 -389.269989
2454.688477 754.431885 710.53833 -113.93 -138.869995 36.740002000000004
737.073792 770.3573 1957.389893 168.83999599999999 54.880001 328.839996
2274.503662 1400.321899 2432.417969 305.839996 53.869999 229.88999900000002
213.597198 1897.507812 1224.534668 156.550003 -1047.209961 292.179993
1132.490845 108.696999 946.6395869999999 -26.799999 290.27999900000003 -405.459991
2062.68335 614.3927 1510.8901369999999 -89.190002 754.919983 162.529999
409.02151499999997 629.894409 1766.4271239999998 334.980011 -359.799988 -170.690002
1285.1838380000002 1591.053833 1797.182373 143.690002 109.339996 597.549988
355.039398 956.867371 2280.020752 590.27002 193.330002 -921.0300289999999
26.5474 2046.03418 1561.731079 267.309998 296.25 -34.959998999999996
248.56930499999999 2400.861084 1562.005737 8.64 -52.580002 293.98999
2321.841797 2097.616455 993.493408 -426.85000599999995 -585.27002 -458.10998499999994
1644.921509 318.874908 2357.721436 -65.839996 737.01001 6.51
1806.065063 1814.921143 280.536987 725.950012 -242.86000099999998 -4.95
2114.86499 433.091888 559.10321 -253.63999900000002 318.200012 -441.51998899999995
1497.370117 378.1586 2342.757568 88.58000200000001 -36.16 280.47000099999997
2417.0317379999997 970.0695189999999 322.0289 -223.919998 -194.479996 -489.049988
1157.819214 1656.044189 1944.9158940000002 153.380005 184.279999 243.99000499999997
1279.881592 1502.1040039999998 1966.1390379999998 216.61000099999998 833.950012 -955.5599980000001
584.320129 190.208893 2250.657471 -52.919998 437.94000199999994 133.369995
2280.904297 2046.811157 34.3344 -837.98999 -316.079987 -899.1900019999999
778.3430179999999 1590.8321529999998 1611.76355 -98.300003 -37.610001000000004 167.740005
17.083799 1586.075439 1985.727905 -62.139998999999996 -184.08999599999999 23.43
1999.9783940000002 1032.888428 1533.884888 211.83999599999999 -461.130005 -613.76001
635.785828 1846.7718510000002 597.6823730000001 -477.64001500000006 251.83999599999999 45.59
2171.193604 1029.680664 62.5172 -771.22998 158.050003 -85.550003
2411.644287 1422.6639400000001 1437.165039 203.350006 633.950012 14.38
607.258423 254.84899900000002 2012.000244 -154.619995 202.58999599999999 779.47998
1983.3922120000002 1147.990845 503.13739000000004 202.509995 94.059998 -359.040009
1781.772095 1029.485962 924.4224849999999 -465.380005 151.169998 -219.690002
746.264282 1202.074341 1510.7188720000001 -129.570007 -271.97000099999997 -323.209991
2147.86084 2268.692627 1382.635864 532.090027 443.040009 407.609985
496.831085 2458.6091309999997 350.630402 313.77999900000003 562.200012 33.98
1402.733643 462.269409 218.991302 192.550003 110.870003 -50.580002
1698.470459 1643.935791 2489.4370120000003 179.889999 97.410004 -260.549988
11.7376 1189.052612 1764.069214 761.799988 288.929993 -10.46
404.767609 2035.06897 251.670395 -350.119995 240.61000099999998 -357.100006
218.590698 492.31698600000004 2196.221436 285.799988 160.449997 532.8900150000001
654.621399 1133.62085 101.508202 214.47000099999997 176.770004 -210.0
1006.6301880000001 1181.170776 496.596497 -93.360001 162.449997 366.700012
104.984299 2332.209717 919.8737179999999 -571.8099980000001 -486.709991 853.9799800000001
1944.477661 255.673798 380.994507 604.469971 112.040001 -1032.959961
1193.7928470000002 2191.935303 1531.560425 -410.97000099999997 261.690002 161.53999299999998
1753.424438 1518.8439939999998 502.40148899999997 -117.25 -144.520004 -431.01000999999997
2322.733154 631.118225 1727.0219730000001 553.26001 -478.35998499999994 564.659973
545.913879 1769.44397 926.5930179999999 316.109985 -305.27999900000003 -287.440002
1954.0225829999997 1910.809814 410.37298599999997 102.050003 -243.0 -59.860001000000004
783.980286 1917.5952149999998 2046.3266600000002 -98.870003 -595.130005 162.020004
2120.190918 1831.1738280000002 1089.785767 4.44 729.369995 19.43
1313.239624 621.532715 627.810913 219.649994 -219.11999500000002 -409.320007
2116.349365 792.083923 822.002075 19.48 233.809998 -320.48999
1559.169189 855.787109 891.512817 -1341.430054 -132.029999 -194.58999599999999
2367.237061 1428.372192 1238.048218 51.07 294.570007 288.5
1454.694458 221.544403 2409.731689 222.97000099999997 159.449997 -166.66000400000001
76.07060200000001 1671.818115 1984.107666 -227.809998 184.580002 7.7
2078.011475 1847.460327 2091.580566 166.91000400000001 -27.91 -299.329987
1730.4359129999998 2337.247803 1885.910645 -27.57 160.71000700000002 109.709999
1471.4884029999998 774.3114009999999 359.602295 -155.399994 -314.200012 -365.190002
898.7465210000001 183.826294 765.73291 -198.759995 -832.119995 406.480011
788.401184 506.326111 1122.756714 56.0 -426.589996 -62.830002
1566.112549 682.378479 1004.33551 382.130005 -92.519997 -675.27002
934.806824 2339.6870120000003 42.167999 -63.32 -260.27999900000003 41.0
20.059798999999998 404.70239300000003 1670.895508 307.97000099999997 -584.169983 -498.10000599999995
16.8708 694.582825 677.97821 165.71000700000002 246.520004 -180.16000400000001
1256.440552 1624.247437 731.722412 241.13999900000002 -265.190002 -138.070007
430.11370800000003 334.742493 1398.259155 173.220001 -426.119995 -76.769997
1766.942017 223.29670699999997 851.713074 -195.949997 -86.629997 158.779999
1571.185913 1557.936646 2483.967529 311.890015 -337.089996 -466.32000700000003
742.379211 2.444 940.560974 320.769989 -18.790001 -153.619995
545.633179 809.213928 2260.383057 300.98999 252.08999599999999 -69.980003
2061.143799 314.498901 2238.466553 -177.669998 243.44999700000002 -111.059998
1125.478394 817.142822 1826.1311039999998 521.27002 228.44999700000002 -168.479996
93.4496 1393.450073 953.089722 -185.259995 -174.369995 -476.69000199999994
252.8479 1451.6990970000002 587.49469 364.73999 136.46000700000002 39.650002
1458.46521 431.762909 1841.539795 148.830002 48.950001 300.140015
368.45370499999996 1615.026245 132.738495 76.300003 2.34 439.51000999999997
310.730804 419.45370499999996 674.687073 290.410004 272.660004 -180.809998
1691.132568 291.58401499999997 899.9542240000001 -753.530029 -594.150024 625.5599980000001
2472.849121 1542.2561039999998 78.035797 -191.949997 -189.419998 622.919983
2461.172852 1936.706177 257.820587 -213.289993 -222.210007 67.82
2135.199951 1504.4920650000001 779.583679 79.260002 29.610001 -60.169998
2306.0473629999997 813.88031 1809.0137940000002 -555.969971 90.650002 479.26998899999995
935.441528 191.330902 652.9218139999999 -18.280001000000002 -263.290009 -107.699997
243.343704 1933.2146 190.105698 -67.68 240.86000099999998 172.53999299999998
2320.807373 612.695007 1736.0177 483.10998499999994 402.309998 554.159973
625.196411 1849.7282710000002 644.353516 -543.72998 -37.220001 -76.870003
463.74661299999997 684.114624 1663.068237 -101.839996 -108.089996 136.720001
994.14801 2322.565186 1763.096436 422.01000999999997 336.950012 534.099976
1316.619507 2087.624023 1562.307495 -178.139999 159.619995 177.83999599999999
2036.4824219999998 2248.508789 1849.059814 -106.779999 -93.83000200000001 -40.549999
1464.9748539999998 204.512299 1209.4571529999998 113.57 138.21000700000002 468.52999900000003
948.621582 1107.612549 79.96929899999999 302.709991 413.25 105.519997
2171.238281 609.208496 1366.4019779999999 499.67999299999997 -319.829987 -292.299988
1250.77771 1210.305298 2332.599854 183.110001 -94.010002 -558.47998
1807.5097660000001 1429.3282470000001 1569.5821529999998 58.549999 20.33 212.91000400000001
2179.506104 1972.81604 629.790283 422.290009 46.060001 -340.660004
2137.310791 1892.039062 429.983398 262.290009 216.830002 -336.570007
876.2435300000001 2003.401245 2457.197021 -78.989998 350.679993 -172.16000400000001
1793.55188 1067.845337 1330.297852 -499.23999000000003 737.3099980000001 -304.600006
1201.475952 2045.320679 1041.766846 -554.179993 -442.339996 191.779999
1079.8707279999999 2308.342285 188.620895 -675.380005 -123.989998 200.820007
790.68988 2187.3955079999996 1986.1265870000002 203.440002 -657.700012 -776.6400150000001
1780.4207760000002 647.916687 350.430389 -980.76001 452.73999000000003 -10.35
791.184692 2006.238159 2174.502686 -202.449997 -113.66999799999999 264.019989
492.256714 805.371582 2163.864746 -161.050003 1502.050049 367.22000099999997
2160.5107420000004 560.303101 940.4375 -174.199997 -130.5 -148.669998
2327.888916 927.6729130000001 2476.846924 80.720001 7.08 418.059998
1553.352783 1714.7996829999997 1779.5218510000002 156.779999 165.479996 388.72000099999997
2316.69873 1140.060059 230.4729 157.679993 23.6 -154.03999299999998
2260.558594 2206.807861 695.1328120000001 -130.53999299999998 -390.790009 502.02999900000003
2342.270996 590.4968259999999 1114.0511470000001 343.109985 440.72000099999997 -87.589996
1970.711548 2059.104736 1808.445679 -386.140015 -139.16000400000001 731.409973
1937.643066 83.214798 2104.466797 481.76998899999995 50.970001 -25.4
1457.129395 144.280502 1725.941284 422.60998499999994 -288.27999900000003 128.199997
1396.991699 2118.0629879999997 238.99029500000003 172.41000400000001 -509.32000700000003 297.410004
1507.023682 1501.1928710000002 1418.5371089999999 371.290009 367.519989 326.299988
1657.426514 752.687317 2117.6479489999997 -366.390015 -238.770004 109.029999
2115.1635739999997 2093.163086 1983.3813480000001 -139.770004 -119.779999 823.8599849999999
2042.528687 2282.735352 592.191223 109.769997 -216.44999700000002 -90.010002
1399.654907 1867.1265870000002 1962.457886 659.099976 -554.27002 -99.379997
337.696594 1900.915405 1821.901733 -6.44 -331.230011 417.269989
445.17810099999997 1764.723022 1705.946411 104.720001 187.080002 9.12
1948.2712399999998 853.9810789999999 407.386902 -1008.679993 658.400024 772.0599980000001
1075.546509 1295.737793 1330.194458 335.839996 59.299999 323.910004
990.857422 1279.457275 2161.6923829999996 -258.459991 425.01000999999997 79.900002
412.77880899999997 914.011597 15.7632 -124.5 -50.299999 -18.280001000000002
2165.908936 567.26709 2170.30957 84.190002 492.619995 190.25
1561.096191 1013.075928 992.211609 -408.160004 -250.919998 194.779999
1198.9904789999998 2357.416016 1640.138794 337.179993 446.72000099999997 -103.860001
1941.5955809999998 592.486572 1674.595825 206.08999599999999 77.199997 8.95
1296.979858 596.9345089999999 1372.548584 142.860001 -38.470001 97.739998
1187.346313 2044.875732 138.943405 -414.290009 -342.269989 -3.71
761.956482 1894.114014 1558.976318 -334.290009 -416.589996 122.800003
2173.814941 310.68908700000003 2200.6171879999997 29.59 136.139999 218.479996
1467.654785 1100.735718 1293.684326 255.169998 -491.619995 -271.649994
457.296204 1523.319702 2025.1961670000003 -339.26001 -1005.590027 -11.77
1685.715454 762.962524 1989.234497 -463.040009 -532.02002 -53.740002000000004
1859.303711 2279.972412 2102.267822 49.419998 -327.160004 620.580017
2334.690918 1414.883179 211.84109500000002 216.61999500000002 -170.429993 516.409973
870.0227050000001 1341.4375 1331.618042 -245.919998 -510.35000599999995 -330.390015
2405.605713 86.248703 989.736572 -204.479996 174.470001 -81.449997
210.520096 2490.657715 171.349701 -165.869995 -599.130005 -92.650002
811.380188 1542.934692 1472.383301 -105.489998 156.899994 -314.52999900000003
1874.3917239999998 24.608101 1748.144531 53.98 -463.69000199999994 88.57
614.1749269999999 64.611801 2494.510254 143.279999 240.710007 81.440002
694.227173 848.748413 2424.0078120000003 -29.200001 100.599998 15.23
2363.443359 2436.141357 607.103027 -45.209998999999996 -241.710007 60.869999
946.200989 1093.702148 1038.279175 328.519989 82.559998 221.08999599999999
694.467712 543.166626 2015.880005 96.239998 -59.709998999999996 357.359985
1679.7528079999997 930.7487179999999 1268.633911 118.629997 208.350006 520.200012
2039.636108 2172.9326170000004 1639.6014400000001 132.860001 -307.660004 -114.519997
1903.630493 1324.58667 1076.825684 810.299988 -410.26001 -842.3699949999999
1956.43103 2437.607422 1704.656006 311.660004 18.549999 57.419998
1070.80249 1629.297729 1208.840698 565.830017 297.910004 -656.97998
1930.824097 1706.4584960000002 1348.42627 -97.360001 854.580017 59.790001000000004
472.57638499999996 578.8406980000001 256.851807 -173.580002 129.389999 -822.8099980000001
326.38439900000003 2378.125732 5.3293 -215.42999300000002 156.46000700000002 76.059998
528.226013 769.219421 735.3311160000001 -459.0 -217.22000099999997 102.389999
2023.520264 165.775497 312.400085 435.790009 355.910004 59.27
669.573914 903.781372 994.554871 -680.830017 -258.320007 673.289978
2483.488037 2232.156982 1639.418701 484.25 327.839996 188.78999299999998
2163.743896 1348.391602 22.100901 -350.48999 356.269989 -95.370003
1544.6813960000002 2035.56311 1340.612915 -405.339996 81.379997 231.330002
257.89840699999996 1454.560059 1306.038452 802.22998 274.820007 -377.390015
1869.656982 1504.060913 573.146912 250.83999599999999 -434.60000599999995 -49.66
2185.518555 1783.9553219999998 2397.351318 -282.950012 -51.139998999999996 -272.820007
750.72522 503.91110199999997 681.710083 -196.33999599999999 -237.02999900000003 -58.240002000000004
511.058807 1330.7875980000001 1667.264038 154.300003 319.799988 531.380005
84.6418 2119.878174 1081.088745 266.5 -34.279999 204.190002
1638.892456 1662.4178470000002 2108.844482 283.450012 -75.540001 -278.959991
1826.687866 2182.475586 463.914886 -173.559998 -139.190002 -2.32
1760.592896 574.618408 1080.563843 349.040009 223.47000099999997 -287.140015
552.713379 907.8892210000001 2170.076416 -350.26001 -280.380005 -371.600006
1598.757446 1135.02771 1271.538818 -602.369995 -1224.22998 803.48999
2482.310791 2449.573975 1829.734619 334.27999900000003 522.030029 -45.099998
701.995789 1148.171265 1033.977783 123.040001 524.330017 -395.190002
1956.048096 387.009888 445.06280499999997 -407.690002 -478.01000999999997 69.589996
1675.395508 1034.06665 399.626801 0.7 323.22000099999997 -584.429993
454.761688 704.133118 548.112183 544.25 202.16000400000001 531.9400019999999
1808.356445 774.790283 355.111786 414.420013 -333.579987 163.330002
2204.501709 355.684692 394.842987 29.969998999999998 304.540009 -67.660004
994.087891 2189.7270510000003 707.412292 366.859985 289.540009 526.8900150000001
1825.7209469999998 80.712402 1697.8657230000001 -58.810001 -113.809998 -523.929993
546.208374 24.6012 1213.493774 -43.009997999999996 -253.520004 -109.309998
271.80319199999997 1486.942261 864.191589 -469.55999800000006 -277.309998 194.889999
1147.3652339999999 1316.756958 1722.152954 -513.799988 200.619995 -8.66
427.380188 2191.713379 2016.3266600000002 658.98999 -365.640015 -451.450012
414.748291 1213.49585 2083.294678 30.530001000000002 216.88999900000002 -282.72000099999997
106.069901 2016.520142 793.210205 236.42999300000002 280.070007 1327.329956
2215.571045 576.759094 356.109589 -121.550003 254.0 114.589996
2379.670166 719.505371 1249.585449 141.360001 -268.059998 -620.4400019999999
1153.103638 2251.138672 198.1082 -148.679993 853.7999880000001 524.219971
1988.557983 1382.523804 135.278198 136.91000400000001 88.860001 -235.559998
1675.229126 1609.241089 514.57019 -220.99000499999997 254.47000099999997 -455.57000700000003
683.1865230000001 1316.442139 2028.706665 319.399994 -149.08999599999999 221.83999599999999
874.177612 389.556213 773.554871 -40.5 42.169998 -4.84
278.214691 1146.198975 464.945312 -165.220001 178.520004 250.330002
2222.019287 1106.596191 852.111816 -82.190002 697.130005 429.73999000000003
891.012085 1800.801636 1470.282349 467.01000999999997 -271.98999 -444.200012
1842.71875 2111.870361 1175.567749 -559.530029 -308.109985 -88.150002
1600.366821 1199.805786 1497.974365 -893.080017 345.230011 -186.41000400000001
1779.334595 1629.016846 1959.686768 95.510002 -282.070007 458.829987
2252.630859 561.6854860000001 979.2371220000001 -185.169998 -695.070007 -70.389999
965.008301 1916.102661 715.8900150000001 341.730011 605.469971 121.050003
2096.8544920000004 318.190613 1722.706299 -942.7100220000001 -265.73999 -48.099998
2019.218384 910.4287109999999 1168.3863529999999 393.059998 231.13000499999998 -51.599998
1048.677612 1625.590576 1983.8493649999998 311.880005 57.5 180.869995
1753.1157230000001 2394.301514 2184.869629 -461.329987 -105.589996 236.36000099999998
1861.171387 195.343597 232.7659 -304.77999900000003 146.71000700000002 41.419998
534.938416 1934.939941 2396.118896 31.610001 -207.759995 210.05000299999998
607.2813719999999 316.6203 1925.039307 -68.139999 -227.61000099999998 -30.6
162.657104 2355.56543 263.654602 189.800003 -322.089996 -401.76001
1537.216553 2149.4760739999997 1167.467896 -32.200001 57.650002 -394.269989
540.6400150000001 1060.0507810000001 931.632629 -724.0 -295.309998 -497.27999900000003
2102.7807620000003 1005.880981 2126.114746 81.440002 138.16000400000001 166.100006
905.394897 954.4835820000001 2263.520752 -74.019997 214.899994 200.0
1629.776367 1001.2199710000001 1761.2476809999998 -61.23 127.93 15.68
1041.839355 987.41217 923.160278 782.590027 80.449997 -706.9400019999999
691.009521 1739.8105469999998 2409.792725 -286.980011 522.349976 433.76998899999995
1624.185547 581.5507200000001 642.709229 -322.01001 -315.559998 -620.789978
1855.0993649999998 1379.358398 1098.582275 -271.799988 -40.23 -457.05999800000006
885.258118 2272.605957 1666.431885 -346.959991 94.410004 74.379997
1329.519043 1033.2963869999999 715.597412 -158.929993 -366.049988 63.040001000000004
283.506714 836.15863 1524.094971 118.559998 154.16000400000001 525.590027
111.82330300000001 236.429199 1938.7365719999998 -33.32 22.01 382.350006
1375.0076900000001 1533.458618 1447.057861 844.1300050000001 -235.919998 -343.179993
272.858704 444.229309 2259.607422 114.769997 -121.599998 366.579987
1608.85022 122.379601 1139.423828 -127.599998 556.280029 -106.160004
1734.4897460000002 136.417603 1603.258667 5.12 -266.839996 257.380005
1980.036255 671.325684 1473.1557619999999 -14.64 -349.299988 -249.41000400000001
586.411926 740.7238769999999 1629.431519 53.029999 -141.919998 180.899994
362.961792 1971.216187 1340.907104 80.809998 -332.619995 637.929993
2093.74292 333.06311 2010.663818 186.309998 47.98 -87.209999
343.59429900000003 661.118713 156.447403 50.400002 123.019997 -135.729996
1740.023071 919.824524 160.131104 -649.679993 -20.870001000000002 -27.610001
2029.290161 899.6497800000001 2254.912842 486.790009 -403.690002 -152.929993
908.5756230000001 1384.497437 916.162781 -613.8099980000001 -159.550003 890.429993
1836.444824 1222.086304 1715.65271 162.279999 288.980011 -53.68
1147.3085939999999 123.054703 2140.619629 236.039993 -63.82 219.63000499999998
