604.4429690000001 2300.757027 972.9989097000001 6.710244782
409.2972973 2364.64122 1108.589053 6.224120244
485.52103780000004 2224.448082 969.1841648 13.06100227
884.0618492999998 227.4283849 924.2820837999999 6.750163056
1230.553166 1530.7347519999998 1042.05655 15.97475008
1170.6728480000002 1900.5515670000002 514.2523654 9.53409717
664.8363477 125.74467250000001 1127.458854 18.19977982
880.1976381000001 2290.6807870000002 1086.395159 11.21579808
879.7625941 2376.32261 843.688715 15.22868591
1245.337608 2166.69832 1230.3857289999999 16.14998279
862.7218816999999 47.30282809 891.3524776 8.730673725
1152.282022 2275.4096329999998 1435.017425 14.18513197
1210.290369 2264.412373 1204.425569 8.211773132000001
1189.654598 79.92659228 1282.8114890000002 13.21463739
870.9981296 250.8505915 478.361199 7.728570497000001
843.8389083999999 24.99326715 915.8298639000001 8.160982367999999
877.0111204 34.66511939 821.7459011 10.76724171
585.6840139 2040.0185149999998 962.6266277999999 14.00016898
958.0946328 2381.346723 1321.448771 7.20930697
1347.943525 149.322283 1092.447865 13.45107825
751.7980875 82.71158755 1019.846893 9.600362707999999
1024.185184 2438.762779 1529.0043759999999 10.07039789
1071.298248 2233.125542 767.5124013999999 9.052043858
1102.9152689999999 2300.943228 1334.518188 17.33223551
918.6050925000001 2378.0313 1291.053675 13.87871147
1072.097267 58.16920313 1357.842067 8.288250502
863.8509793 2497.3279629999997 1043.260503 10.72594706
610.940524 2231.479563 668.3681297999999 20.47011352
740.0916225999999 2467.671458 1209.1362550000001 9.863873103
1114.271774 2258.048326 1161.525966 9.233205095
865.3518277999999 114.07351229999999 1071.657705 19.31910598
922.2572963 11.54851476 402.7721316 11.501816999999999
967.8903336000001 2498.038089 1065.325241 10.06035125
605.5997179 2458.046945 1063.864305 20.04553833
475.08011389999996 2014.947933 882.8478748 13.55083278
599.4301441 2300.6290289999997 988.7413697999999 9.139856314
457.0768748 2350.037789 1141.00388 18.24674678
457.86005889999996 2136.4135420000002 1045.742588 7.97815061
1030.105082 1806.520275 725.8733932 11.33378022
620.7683258999999 2093.024716 1210.5322119999998 9.009486005
866.6300186000001 2079.006265 920.5652188999999 5.806930027999999
738.1281378 2390.866284 952.0804243999999 14.99784164
575.9920443 1845.488219 1002.261689 14.70739012
816.3644856000001 2322.782011 1055.264545 15.65891191
724.1496405 34.25492070000001 920.6376837000001 11.36431458
738.3488988 2115.717189 1094.373351 17.89595371
392.84819280000005 2039.007089 743.3461724 9.821644551
368.20643010000003 2269.6245440000002 1029.420117 20.56302898
409.6679781 2320.201168 1042.273657 9.909274053999999
377.41738849999996 2162.1400989999997 660.7799018999999 9.785713892999999
843.8696863 2074.1057739999997 770.6430266 20.42229976
836.3276147999999 2238.114948 514.2768826 10.10476697
904.8570837000001 2390.361839 831.1975982999999 9.801561207999999
781.1882015 2187.188181 611.9351806 12.32998229
852.6323550000001 2449.603632 649.4674956 14.25355332
776.6211169 1961.6039239999998 905.4655111999999 14.87992597
761.1858814 2214.167046 726.4620304 13.58768198
579.7637155 2409.031345 700.0807897999999 3.000463931
473.76375889999997 2310.286961 1115.607135 14.29187174
418.8029205 2325.01503 1071.352005 15.9838638
894.6376186000001 1710.726275 1805.357089 12.51204383
271.8625692 2304.692224 1002.1317 9.71603752
788.4229528 2450.761798 905.8815251 12.15773737
1146.036754 2078.5160730000002 782.9430112000001 7.093996427
666.0504586 16.70006149 897.4254300000001 20.22564732
769.0604147999999 52.88197296 924.9028460000001 18.907282100000003
746.0340613 171.6890324 928.0644189 6.871159551
571.6605672999999 85.84807929 1264.8238609999999 10.22410356
819.6576213999999 2300.26518 784.2743135 11.65045306
620.1972249 15.26749593 1182.555334 12.92576573
725.6416974 2282.250795 1120.445777 13.3446437
710.9554337999999 127.6128153 1047.715393 10.65719038
804.6892996 92.25542948 773.6025052 16.91433227
444.70420939999997 2495.58159 928.1681695 11.00295649
732.712543 2315.671267 671.029386 6.953978455
528.5420521000001 118.5834082 908.5857377 3.8329487639999997
718.4235062000001 380.4159204 861.5421101 6.660062471
868.7513690999999 14.61650483 659.1709137999999 12.12840184
557.332406 2210.32191 964.4012479 15.39291879
731.7587614 2172.298439 939.5931551000001 11.06946613
427.4032645 2270.453097 930.2941417999999 18.89491415
575.6617727999999 130.835355 924.9886413999999 12.10879582
313.9626238 247.37136030000002 757.8518968999999 11.30750597
779.7889549 2472.123555 739.7955699 22.39863419
623.2683737000001 15.21313939 935.7722943 12.82993344
554.4219217 2434.2006079999996 917.7111814 6.027169859
647.6668417999999 2487.5136239999997 771.2353532999999 12.8757103
399.8882461 2449.5037399999997 818.9267358 18.90445385
1243.4486279999999 1748.8874329999999 1827.530223 4.87730488
550.0269431 2325.504113 1099.313265 10.10736793
591.8498038 2359.999174 993.6948791000001 5.3553182580000005
1006.690322 115.9282449 758.5109024000001 10.59337206
766.9399272 2225.557833 603.7709348999999 5.468391006
559.5319112000001 2121.101102 1039.1035630000001 2.8092743939999996
636.9492961 25.52746402 846.3753062999999 11.09091874
696.2821192000001 57.55824552 770.6477457000001 5.564594261
577.5604426 78.20792173 778.0700128 5.186926074
485.78274580000004 2443.7059 979.4924563 20.91256631
110.46374579999998 2334.6634670000003 840.7169002999999 8.964868557
521.1881678 2426.099998 1186.561227 5.898727751
289.9134146 1805.945816 2445.303487 14.37754001
800.6490693 2308.380623 778.3434593999999 7.6157626370000004
778.6978989 2483.809655 636.6288686 11.68464554
835.6668329 2448.2227620000003 920.6203449999999 15.22892158
973.9714634 2417.916432 505.8935981000001 10.49730967
613.5385474999999 2411.4672739999996 958.5874488 18.48227673
718.603287 2010.5833350000003 902.3846297 11.44005386
1036.567873 177.4434834 1100.834985 14.49960612
581.1471882000001 2213.4473559999997 1354.403726 2.123483352
696.4656386 2427.825655 786.1882261 8.129851332000001
639.908022 88.20041879 962.6937796 13.42212736
759.1194895 2111.357179 1009.859107 5.328151323999999
1077.489035 2425.54922 692.6986708 7.909414905
894.8163112 2438.4319969999997 827.9185626 7.888796253
974.2069777 2395.394412 618.5883378999999 7.990108677
1173.440285 2004.4566899999998 1632.136276 11.54864494
995.9378787999999 77.10955759 1046.546154 8.468413468
947.0375633 85.01070512 748.5924386 6.578101426
454.07108020000004 2238.503781 982.5557918 8.070772467000001
586.9435378 2042.4644219999998 902.6120333999999 20.036983
1070.889173 2083.698982 841.8136277000001 14.43683777
942.0683935000001 2260.453584 854.4416791000001 5.478945134
568.8158026000001 2277.581076 804.1392267000001 8.01829217
808.5181841 2386.3099859999998 685.3541351 19.17867694
1082.059067 2428.271299 623.4645202 9.943734355
856.9261705 2322.3864670000003 665.3897759 11.301525999999999
764.7706918 2214.365884 907.8212725999999 9.069894305
861.6237455 2378.229694 686.4088025000001 6.540179949
814.8278832000001 2425.1506 762.3831372000001 6.135007032000001
2440.7029629999997 1843.940902 1232.435043 9.869371418
765.1988551 2332.437434 580.1332247 7.8968801310000005
870.0206816 2108.198026 1092.00037 17.39997539
780.3467275 2334.5581190000003 554.0380167000001 9.892758079
775.0301988 2351.4283969999997 551.6392124 13.84209685
774.4099211 2484.4032190000003 694.1012645 11.12637496
781.3591147000001 2210.717566 710.2648765 8.782576511
816.9286910000001 2352.756841 824.9720169999999 12.13640036
821.3389453 2147.045811 758.1126208 13.42134266
892.4976393999999 2338.4025850000003 716.4807343 11.67103155
897.1925696000001 2463.447473 763.6354213999999 12.45042218
760.0496212 2381.446203 696.2622872000001 14.08452947
652.525973 2360.6478859999997 518.0068163999999 15.36780313
681.1690261 2281.733634 773.1587569 7.10009975
968.8917401000001 66.02689317 742.3064824 10.43957941
826.7164395 2325.04478 573.6987561000001 11.55886136
784.242622 2332.099316 398.1928783 9.696390609
805.2468809999999 77.37978528 498.3279642 11.99489701
731.7719746 2022.68648 1133.1444199999999 13.25594519
1103.06557 2239.220574 637.1467075 13.9577864
1054.2393439999998 5.257914771 736.8542775000001 13.27609446
678.9316816 2464.955771 674.5853487 13.63057371
864.9670587999999 2338.626833 605.8562688999999 6.075208041000001
901.9606630000001 2295.930076 652.8087307 9.760718252
765.9074488 44.22573677 993.8598783 12.70331618
964.2762106 2302.995086 811.6808781000001 9.52012705
851.7905607999999 2334.60779 722.9052297999999 13.3184841
737.0775211 166.6889678 526.0390611 9.953626261
961.454629 2362.6412739999996 617.5115704 12.30856236
909.5771712999999 115.60002790000001 1084.064458 15.48038151
890.5889685000001 2397.822972 714.0476757 16.184491
865.7422093 2419.159537 479.102779 12.64679659
1007.3757130000001 2398.26173 606.5536475 3.148437781
801.5983517000001 7.394448654 817.3932530000001 7.5100945370000005
1013.3175550000001 127.212175 472.66604129999996 17.50324374
792.1769552999999 28.08017061 574.9949602 14.10197916
869.5792543 2204.745986 586.4246897999999 12.74878209
737.4849009999999 2289.39889 551.6581282999999 7.204505284
588.9999339999999 2355.1065519999997 1205.845451 12.22007978
999.2524425 177.43584919999998 700.4759592999999 5.14391794
772.6397818 68.27352320000001 717.3086412 13.63316493
580.0515404 64.90854705 945.7242438 8.241606954
501.85796330000005 117.55301340000001 854.5723678999999 18.64513702
674.9124538 1851.643127 1221.61004 17.96445281
652.1576472999999 27.96740598 855.8258219 9.847683015
503.604333 2340.583631 893.7780416000002 8.975817793
400.0897477 2186.8784149999997 595.8889098 16.5581196
948.0233710000001 33.65134763 746.2605367000001 5.213336544
634.0217945 2416.8277550000003 682.4602547000001 6.191059038
800.4958079 2303.885064 989.0363009 10.28129092
529.0570047 8.35494398 880.6676892999999 9.480591229
2446.608043 2244.458208 2406.268866 23.18136007
900.1633770999999 2286.212928 892.180096 17.73611273
1025.240085 252.0482577 682.4903102000001 11.75322783
1040.865139 2200.130545 690.2401437999999 8.566827594
424.55920030000004 2286.643174 1036.1468519999999 2.817649935
679.6317141 23.47693331 510.5252266 12.9027153
436.55783610000003 2292.595311 778.9087228999999 11.78101527
650.3691809 2277.089641 940.4453682 16.70571881
713.6170647000001 70.24193527 939.9384011 11.63741325
789.2245573 1913.817106 1411.866241 7.039093882
519.2473652 2409.607979 869.6808904999999 12.11451093
855.5511013 1916.1841239999999 612.2607343999999 10.19757988
749.0957983 2117.882948 873.9019168 18.42267251
599.3200242 2377.812343 457.47617510000003 4.2963258810000005
868.2000991 261.0338912 737.9792761 16.63254884
552.3218455 2341.031486 797.8621224999999 13.72020104
756.3126563 220.16902740000003 523.0880602 3.98264248
820.1407078 2459.03925 260.7521335 17.66063752
720.256901 2444.950784 544.6971464 14.96513914
831.7781602000001 2291.265449 498.61126229999996 13.959261900000001
705.7784349 2378.531043 543.1835934999999 11.35155036
828.0183793 2414.3930920000003 640.941464 12.84370187
607.0402934 2338.137789 618.6781582 13.20644453
560.7863044 2356.461191 479.08494079999997 10.25153521
813.9381099 2154.9663760000003 736.68283 15.09449899
753.5759948 2408.098942 551.8568992 6.4679359629999995
783.0804296 47.4022067 921.4658822999999 15.04977042
777.8483822000001 2463.846495 675.8027611 15.05893792
891.0609403999999 79.88190875 503.5531964 19.78059828
618.8955445 301.9371317 679.1996345 13.12934643
583.4780887999999 1987.47213 710.470993 16.81996858
596.6415002 2407.21789 636.6699065 10.96727212
548.0436768999999 2090.717326 771.2477357 7.373455792000001
850.2989048000001 133.2895702 764.0467704 11.27184576
475.31203710000005 2074.258644 788.6383096 12.12285914
889.8237234 2128.2457050000003 616.1088761 14.70543585
792.8780452000001 1987.36222 974.5217218 12.30441973
835.3795322000001 2263.894354 737.6799113 8.671035278
819.1506668 85.52477265 729.8663703 20.722597
791.0798249 77.84535669 556.7040599 6.556276333
587.341862 2339.386095 632.7975922999999 14.471035999999998
571.7823789 2278.736127 713.2916723999999 13.29969098
711.7248908 2207.6233780000002 660.1986642999999 16.33095219
800.9323638999999 1975.223167 735.8034888999999 12.34705298
889.0609402000001 2159.774367 833.2497239 10.64455726
725.4555877 105.38425890000002 728.7948487000001 12.79691777
872.3462917999999 2161.984743 885.6984976 6.213975307
710.0362359000001 2086.3961280000003 768.3250776000001 15.25262294
731.9340884 2242.2895350000003 642.3979674 15.13707481
794.8678679 2041.894423 813.7254642999999 9.760013939
577.7424169 2042.727028 771.8857355 10.624338999999999
798.4353432 2158.1374769999998 817.7353495 6.741137928
798.5704827999999 2172.168309 887.6425718 15.83620049
675.2682183 2147.069849 1035.982866 7.910992145
592.1291707 2018.5852399999999 1093.6858339999999 3.662365085
608.5407183 2333.987553 810.1996735 8.458915449
611.5860322000001 1970.1089350000002 2484.8831149999996 5.945542927000001
1358.5290300000001 1328.745427 143.7936864 9.466411155
525.3266316 2221.711785 873.9235256000001 14.74835744
613.8011672 39.33120135 667.3984925 6.736347837
880.9481333999998 2180.700719 862.2035841000001 14.35553243
580.4573055 2229.726763 850.7466976 13.134549800000002
535.0394047 2103.273179 892.3524702 5.728549406
589.5944505 2226.2405519999998 833.3140530000001 8.140080232
682.0459302999999 2160.487147 708.9293955 16.66316812
609.4920585 2192.053254 698.0298061000001 15.88331764
629.1231058999999 2115.5786359999997 680.8384201 6.004991484
633.4895522 2082.585947 794.1163441000001 10.88490916
529.5282494 2304.4428780000003 1009.636657 7.595645812999999
692.9262064 2187.6220949999997 619.0821811000001 11.90235792
61.53412642 2304.9061030000003 720.6905853999999 16.43460978
370.4698729 2197.801934 873.4423985999999 10.13074319
576.6748352999999 2139.984113 969.4503845 15.14551808
812.8860147 2283.797599 618.5395577 18.08024806
564.461808 2488.2496309999997 874.771586 14.62977468
796.2418621 57.03305975 585.1580569 19.46889027
500.29940980000003 1927.844732 538.9432435 11.145940300000001
970.6243856000001 2001.186946 777.8628025 4.845167496
141.43206730000003 2242.029788 640.1188602000001 6.007579627999999
825.0796429999999 1920.0955850000003 844.8242211000002 10.54213769
805.8614892 1972.729023 697.4158991 7.871658827999999
587.9378757999999 2360.552933 975.2339109999999 7.614945222999999
462.65967639999997 1938.28553 1027.95228 14.69920029
481.2930887 328.7082939 1490.3396400000001 8.254050426000001
586.6809909 2183.927126 766.1017604 13.20585943
1033.1978390000002 2412.983989 1282.863619 10.99368056
792.6241906 1938.261384 818.6476096 8.890432857999999
652.1294971 189.6781524 865.9813359999999 25.30485833
594.9622205000001 2112.79228 793.6620891 4.581132493999999
566.9636116 52.56888012 546.3741985 11.76561224
409.983159 2021.737424 978.8645597000001 11.46549373
430.1651211 2458.401665 737.6836549999999 12.13731144
490.79599529999996 2425.965962 1144.266256 21.9316404
459.9860867 1926.498191 866.5113902999999 18.19964821
568.4086119 2030.346224 720.7820072000001 10.53319686
547.5816095 1983.685105 1002.447443 13.61399406
851.024723 1896.480209 755.2665501 13.941235
490.6499765 2341.2581920000002 1090.8164060000001 7.905843489
981.4762575 2100.782365 742.8973021 12.06012042
640.6332076 2100.732259 538.1610644 4.866841654
859.1165796 33.81030486 748.892376 17.44878329
548.8232206 1979.091996 940.7209157 10.99323597
1080.155865 2285.565394 1118.8907789999998 8.60838555
776.284401 1970.2538100000002 941.705977 7.697323751
500.9952993 2219.491762 890.5133482000001 16.60574558
804.2919860000001 1892.930387 1184.764392 16.51902144
878.7757162 2248.417759 1228.452683 12.7608844
613.6873615000001 1815.92656 817.3863997999999 10.25698545
406.7149618 2253.077077 615.1719168999999 10.88155196
807.1868969 2131.826255 602.406749 6.079642649
760.9879836 1934.4458550000002 770.8585343999999 18.55552474
573.5638538 2006.230262 912.393857 7.203994027
564.0273402 2114.5418879999997 658.3379453 5.185186389
573.9084975 2072.4464789999997 697.1265179999999 14.57611102
681.9463043 2085.221632 869.2859268 10.06938306
497.7711517 2048.793115 847.7443795 9.852759628
546.0063642000001 1637.639073 736.1071417999999 11.3278233
392.3292776 1807.9331969999998 875.8399674000001 16.18278038
740.8248937999999 1870.623385 929.0295052000001 0.9694166891
664.2071107999999 2106.5905239999997 633.4925755 15.32155573
527.7175911999999 2029.588228 779.6822741000001 15.53816414
537.6497432 1957.2946809999999 506.7978027 8.047104913
629.8561387999999 2289.181282 804.5227257 13.83124995
1164.725859 2463.272293 761.5320944 17.98546584
539.233554 1689.988058 675.4999312000001 16.35425729
917.2165387 2356.044922 1351.621055 5.5223860920000005
423.3873619 2085.4517170000004 987.1704705 17.79603817
944.3814912 1710.980349 1128.521403 9.917217728999999
709.540241 1894.0841710000002 921.8962856 8.89680546
1746.513666 2353.183962 1304.108576 7.350433309
968.7485481000001 144.65912930000002 939.4644252999999 4.876287794
772.993806 214.8400156 868.3880755000001 13.52232532
833.6379036000001 2064.973368 656.7555907999999 19.79720125
1055.1722320000001 1962.8610629999998 752.8281817000001 11.27387703
442.9007137 2204.446719 729.5019616000001 12.62514804
504.6760971 1760.8703469999998 530.0471155 9.726695448
699.6426974 47.93151876 605.1532 14.10870871
780.2701776 2415.763927 452.7449525 15.62940526
561.8736461 148.4966219 711.2611074 7.018499412000001
816.5961434 2108.196143 842.9875573999999 12.42922571
660.9360647999999 2101.765713 1237.312812 13.56353148
500.5349241 1964.9547300000002 874.4001438999999 16.48018253
509.466308 1897.2461219999998 1180.773074 21.50049703
683.7600512 2133.146035 750.9957879 20.53456571
718.8054055 1926.466355 630.197936 10.78462162
730.8814086 103.762128 856.4602435 11.95765588
990.4139539999999 48.0203775 746.58234 19.97821615
934.8415242000001 2435.789918 572.1951372000001 9.947210268
893.4641807 2180.841481 691.8041097 4.035505086000001
891.5947016000001 2497.29772 828.8666919 17.05885375
741.3892783 60.43433796 504.2608299 7.569915032999999
608.0518252 1930.634482 1003.531293 10.32727667
786.1282606000001 2255.6859489999997 709.4306753 14.89016682
864.6994281999999 17.95099368 727.7026379 16.87566447
924.0031419 2178.03068 894.2864205 12.12152839
819.3901295 2060.3495190000003 546.8350368 17.76138595
793.7916333 1868.923812 515.8952914 10.16895931
1211.932245 2455.889233 979.4897451999999 7.621521123
746.4783686000001 175.9788129 906.270339 8.874637202999999
900.1071341 129.0469147 785.9166211 9.533665345
811.5342444 1969.997384 677.464612 11.5988131
866.9204292000002 1862.856692 812.4992249 6.889002057000001
851.4950676000001 2097.0597239999997 757.1386008 13.42167273
879.2021845 2156.950103 835.6194206 5.719722049
718.4336476 18.41042932 905.9134293999999 3.4454322139999998
1026.405603 114.4153124 1169.595067 16.64664892
799.5013366000001 12.43134229 799.0228557999999 12.20250633
547.5726804999999 2429.251189 1156.882619 13.17627183
655.8733784 1917.235013 1159.321154 11.56392095
1052.632592 1810.9917870000002 668.0691224 11.85572149
790.5577929 1134.327757 946.6906069 5.979031605
880.5512375 1674.6619 774.6609025 8.813298756
898.0485089 1825.9275469999998 1309.727526 13.51281467
1095.714943 1823.117559 735.969233 20.11411442
1000.842684 2413.933728 817.3133343 7.073034131
969.5209354 1860.234296 890.1607853 15.16613187
1042.121818 1816.664979 822.9735337999999 5.112695896
908.7848634 1820.020129 683.6578969 7.65434366
902.2507776000001 1873.815384 722.1749672999999 9.281859617
581.0915792000001 2108.8336440000003 813.3092399 14.71832695
691.3215299999999 1861.0200920000002 976.7177072999999 9.741274386
746.2882316 1886.84707 914.3786428 10.03797138
785.4616029 1977.159009 778.5037403 4.4134472769999995
791.9090002 2135.5148010000003 567.5170926 13.28111797
592.8012027000001 1987.321721 815.3408324 15.00747916
797.469195 1903.764476 817.9117187 13.864028099999999
1370.320115 1985.980613 720.2718445 10.64222114
1182.5846199999999 2215.530771 593.174375 21.07279118
839.5385433 1650.917902 814.9704102000001 9.799659846
1204.433131 2145.2006149999997 542.7436221 17.65584838
749.2764841 2010.392053 772.8795604 9.9462799
1123.104217 1721.7754539999999 1069.9928929999999 7.120025782000001
705.5568477 1973.465399 811.2214617999999 13.27523422
1474.1417900000001 2054.073664 656.1950481 14.51483466
1105.571717 2235.271311 757.9355373999999 11.153789300000001
1279.438241 2251.4851949999997 1020.256158 4.130020613
1450.000669 1337.959881 1097.89495 9.989206374
1151.92077 1971.024705 604.4203345 11.08516311
1317.74335 2187.904935 520.3015878 16.37441959
943.7468683000001 1726.915102 668.0427747 19.78621721
1151.462552 2062.5870760000003 605.0088877000001 10.87858403
981.1602025000001 1892.46865 736.6824832000001 17.54204948
475.8589284 2035.6891510000003 978.4218069 9.600655216
658.2011215 2094.681599 903.8690498 6.693923364
910.8178292000001 1771.9326780000001 1379.081255 4.522192792
577.9093211 2063.305227 895.7072120999999 9.584152984
496.4891555 2046.870068 859.8950381000001 8.386690417
792.3670618 1850.0969710000002 1014.929913 12.38796651
979.6511310000001 49.13532056 895.3222380000001 20.22123943
662.6667704 1947.0942969999999 990.1605218000001 10.11141208
612.4477254 2493.993827 611.6849821000001 15.85867357
870.6338644 2113.6495019999998 888.2048501 14.09534806
680.8473437999999 1940.7624190000001 910.2443386 18.74357797
761.6068253 17.14608679 1007.126491 8.900564507999999
502.2463836 215.61027510000002 1236.995108 7.175656683
1235.697574 1783.989607 874.1398092000001 18.38158072
1735.867988 1345.11152 2364.175059 13.94481085
1191.948789 1685.655175 838.8648888 17.42316781
1237.334609 1763.9314420000003 519.4436563 16.12974497
1207.480164 1806.4703539999998 835.2679355 10.29280323
1167.444585 1982.40899 707.2428244 12.04410304
1122.8496289999998 2075.5934859999998 831.6628327000001 3.878742625
1089.323903 1699.841682 898.853574 19.61358231
1160.520112 1816.1313460000001 941.9827257999999 11.29147691
1463.1681740000001 2385.101305 1222.833216 11.81059797
1183.6571900000001 2080.376464 736.8264235 17.98298603
1113.284158 1960.329721 734.7505199 4.581452525
1044.314318 1950.522009 768.2777727999999 8.665220191
986.4549963 2243.274812 1023.868273 14.27746129
1099.978883 1877.411935 1156.622279 7.983054697999999
1318.263934 2011.508923 845.1786222999999 21.82492438
1134.22883 1823.466828 1066.24856 9.218145036000001
1044.837246 1866.976089 705.9680628 11.82796778
1200.361561 2106.35127 696.1920614000001 17.91126725
1063.391184 1736.708098 1131.74523 11.39214372
1094.267158 1748.352039 900.2007145 12.99869534
567.3162135 2091.4553899999996 655.6874846 7.522116017999999
863.0979697999999 1939.564013 1334.316165 12.68492777
870.6095123 1762.1879579999998 758.0620352000001 6.816078312999999
913.7550866 1757.05823 984.0090566 9.051537442
789.5726212999999 2020.2122010000003 643.0575591 17.37158254
1094.084636 1727.6437210000001 701.8284621 16.7030127
609.3115818 2109.44949 855.8497874 16.26668283
997.6933837000001 2461.901606 867.6356016000001 14.31751707
721.6250562000001 2109.08049 865.0030303 9.184845932
1088.214741 1930.5700399999998 1170.259585 10.53247643
887.5186777000001 1809.859374 897.4769014000001 12.59222374
757.8602933999999 1613.931081 427.2545464 16.32451115
1198.059459 1936.2838829999998 550.0282003 14.36274214
1062.384424 1743.5635170000003 843.9697877 9.506533035
832.2693982000001 1686.0302390000002 719.2358542000001 8.648052488
864.1049175 1862.4992530000002 811.9030729 5.398186793
1166.42045 1831.628123 872.7848118999999 9.156271172
1229.029324 1743.915636 1028.7197130000002 10.80731346
1065.930783 2013.207271 845.4584929 11.18607639
461.3754527 2097.460143 1033.644588 19.18920837
549.4551190000001 2246.1046309999997 722.2239343 15.82655716
733.4365167000001 115.7292601 632.0042371000001 13.95230258
971.4580463 1919.454845 515.9264181 10.42720374
526.2536937 1953.0254579999998 1085.60488 11.36974659
1001.0562130000001 2161.191774 583.9939926 12.94930873
1000.645083 2409.464575 839.1274462000001 7.351868248
1061.3048529999999 1725.583874 755.7871116 13.86141863
876.6983918999999 1767.3782010000002 701.1879826 6.291130127000001
1140.819184 1870.847709 516.3737037999999 18.74201898
1163.120267 1834.948455 934.6937417000001 10.28586488
971.1825774 1864.600748 2435.266071 12.2218259
1081.83082 1673.695322 755.2572113 16.41970695
1205.733335 2000.7944690000002 807.0436772999999 7.092641134
893.8954255000001 1768.754312 847.4078437000001 19.05521272
1109.944471 1658.202241 770.7382227 12.31233546
926.8354773 2125.4962649999998 1145.509238 5.624455307000001
1189.054866 2019.128067 763.9522726 16.87235486
896.746767 1870.3703079999998 728.6476357999999 7.811661494
1075.877927 1789.6489969999998 801.1673252 9.017269237999999
1328.398848 1872.512461 727.4003136 17.66021207
1237.506768 2018.355404 762.0203161000001 10.49941084
1312.162534 1977.919502 782.6678908 9.320987597
1404.6324949999998 2279.398347 924.7979025000001 14.22914461
1108.6161 1665.297346 355.39412020000003 21.39000823
1215.223696 1952.1835219999998 851.7873216 11.3457059
1029.056253 1802.426172 737.9608718 4.7721898739999995
1199.0248210000002 1781.584275 499.1700075 8.181187535
1171.795914 1865.486914 751.7436056 11.3889695
1291.574928 2150.2084 1103.600314 7.256019393
593.3885492 2149.461864 746.5585083 9.035391304
1078.624017 1994.746771 958.0601847999999 19.22059538
578.6467713 2117.646005 1089.779498 15.77316681
1121.183935 1937.646066 867.3506322000001 12.00579615
1304.2731310000001 1672.6665779999998 1005.9461050000001 6.280251289
1246.4180529999999 2005.5352010000001 1183.662551 7.8956601179999994
1535.570708 1966.687379 1129.3566449999998 9.491981568
1753.997805 1973.0646739999997 1164.768054 6.84350153
1332.963367 1965.139173 729.986168 12.12679412
1057.6511890000002 2050.60098 898.8449389 10.81953541
1064.020166 1675.548311 863.7022274 8.949294049
1489.643331 2398.003607 1023.8796560000001 11.28801913
1217.576084 2220.994498 887.8009066999999 17.45348977
1034.3779220000001 1829.056935 656.0506425 14.0679807
810.6416865 1535.0316599999999 766.9632432999999 8.990190721
1051.756578 1950.320102 760.5630792999999 2.145319127
929.4103859999999 1842.409448 1442.719165 6.736424789
1826.71499 1931.2777600000002 267.7724231 10.27953153
1222.7214609999999 1832.2657559999998 1072.37015 18.47582952
779.5741984 1974.328377 542.4445658 7.415922244
374.6517686 2383.451659 926.9452244999999 18.42982468
1204.887373 2207.617305 719.394992 14.821097
993.3500697000001 2190.231941 708.4386151000001 1.3611148000000002
929.0386361999999 1782.955806 710.6135977000001 16.05520781
1040.790804 2132.3012129999997 465.09432319999996 15.30386086
1007.818647 2367.0664070000003 840.8164400000001 10.00230349
989.1454908 90.43427785 913.3882509 13.08379328
1167.551677 1989.834359 573.3945614 15.54026936
1137.839463 1816.328862 511.526026 15.18143277
1012.769534 2143.82728 1128.1770880000001 14.6362389
1347.126488 2443.844018 1019.7391789999999 12.8287516
733.1402791 2445.401497 745.9350249 16.72176374
969.9952721000001 2060.874057 993.7408011 12.28292514
436.1505392 2401.6035890000003 551.8451907000001 10.69742487
1215.9506279999998 2021.96633 576.7886236 16.19910243
1075.98358 2002.7815269999999 473.17653640000003 21.00056062
1034.330594 2374.451375 920.4127832999999 10.28248714
1123.1599449999999 2229.499398 368.15695519999997 12.39914976
573.6077796 1956.78794 481.9055048 17.69353323
582.9729066000001 2442.30815 1010.9193869999999 17.03997519
337.501604 2074.848851 784.2347869 9.818603642000001
1061.927651 1941.5254760000003 1421.561103 11.55133122
1165.078662 2133.82825 1593.892817 7.311864261
1088.953598 2387.484947 778.084804 12.83092988
689.0517978999999 35.13545704 466.5350053 9.000590528
1336.741999 1740.462395 792.3527699 11.97861427
1162.810148 1817.4781489999998 1390.070846 10.17761208
1286.056123 1536.586514 895.5154832999999 12.74687736
1174.0933400000001 2308.344727 874.4942147 10.5686085
2101.403473 1748.12105 304.6536236 7.660820567999999
1923.785693 2448.001574 491.79846119999996 10.53477922
1551.377208 1947.995195 560.2288999 6.986195518
1126.414371 2154.363524 372.6274252 15.08487377
1122.39165 2473.660911 331.70621560000006 7.963108945
1189.338349 2373.021772 903.0807672000001 14.70077366
1355.693785 2098.894607 1047.314887 7.34374311
1016.389389 2425.506576 581.6649084 16.39801914
1296.292643 1872.173426 1505.002457 13.15985613
1062.832096 2373.484019 593.9646092 15.17798887
1391.409859 2116.158369 294.0487421 6.413888159
1166.076247 2364.6311140000003 569.7767855000001 13.0866319
1481.503275 2022.6550579999998 332.45655939999995 4.670258283
1590.3956230000001 2102.079067 378.3021245 9.250971276
1681.967396 1790.448869 544.8319508999999 14.60991489
1133.0318140000002 1852.62617 719.5165111 16.17509619
1242.4776470000002 2333.2402859999997 720.6621237 10.60015747
1138.390657 2202.734545 603.9021001 12.16955967
1213.605788 2407.484485 758.7683529 12.81140018
1050.2927240000001 204.25934709999999 1101.58755 16.12099613
977.801824 2433.3379059999997 421.3717204 4.471915813
971.4048443 33.87301235 832.5124617 24.60081802
991.7730098999999 2182.068422 790.7374012 13.90081156
970.3682662999998 2343.806049 709.1688896 7.954026745
1172.704366 139.03360859999998 655.2905071 15.97244392
1167.441133 20.74920196 929.3596148 12.34984476
1031.922533 1751.922495 672.9518327999999 9.565086692000001
955.9016831 2132.152172 818.9257216 24.17738023
890.4498267999999 2083.150575 719.9363749 13.27182081
530.7662823 2375.551873 677.9421754 9.651357939
767.6082405000001 1531.115349 2075.8596850000004 21.75724414
454.24114339999994 452.08740240000003 2088.930214 16.09021972
1162.492273 1946.5471260000002 918.2137183 16.29197625
1290.769259 2181.664685 871.9982289999999 9.684293387
1128.127133 2135.831041 577.1681738 9.62027613
1129.701086 1979.5292949999998 785.5066187000001 13.97228665
762.3095852000001 2202.101348 1020.447398 15.39603246
746.8389647999999 1422.881774 788.9470755 11.33942578
984.0013851 2252.101983 634.9524414 12.53546322
808.5947535 2420.3496809999997 666.4844825 20.35155857
1407.684951 2153.852543 660.1838174 7.295726996
731.2433919 1680.144164 1024.257605 12.49717028
1009.081149 1979.2499079999998 740.8374135 14.56478872
1129.220616 2438.560444 689.9093402999999 12.59336774
783.7944127999999 206.8426478 864.3367498 11.63966527
631.9920208999999 1900.0595850000002 1319.447772 9.942698639
950.4812535 2010.468493 583.7675027 17.86111741
683.3782716 1936.779328 627.7570444 8.956105422
1146.271552 2302.308441 1205.605982 18.90856392
1033.968295 2044.519939 1100.691524 7.036645755
622.8435695000001 2351.098261 429.8613331 10.54554477
1285.790902 2134.399611 925.2780739 18.54699447
975.0933377999999 2347.45806 818.9888885 17.86111368
881.5667248999999 2474.534701 594.5620803999999 22.55598352
1076.159892 1915.817945 761.4154222 18.56833646
934.4487326 2186.4320190000003 855.4482944 7.695871759
1176.53655 1901.490938 694.5508984 4.221419146000001
1110.014015 2102.0272579999996 1141.589604 11.07980752
724.6001987000001 1725.7229079999997 422.86259810000007 8.99157196
840.3304442 1464.503033 685.5338548 12.35038408
1463.8783740000001 2260.366427 574.0021349 19.06694809
1167.3408630000001 2021.952977 570.7183167000001 6.904110959
1120.30698 2136.4644 616.237833 10.59848961
1158.388195 2064.689422 797.9269274000001 17.07919915
1028.214484 2409.002626 611.9453811000001 10.867429
895.5842203 91.84557756 843.8548333999998 3.7057254680000002
1098.4293480000001 2204.986116 700.4344467 11.56018385
1230.309974 2362.785538 652.3968823 18.61026192
1248.36746 2454.218721 754.6244881 15.55341191
1163.991614 120.0567547 725.5713552999999 12.70191329
1206.660652 2116.376489 606.807245 15.84536875
821.3461557999999 2156.730016 795.6251532000001 14.97330725
744.1621115 2277.645851 475.1153375 14.01749147
1042.496451 1691.331642 852.9583298 12.24736542
1138.678126 1518.746456 449.884788 16.40714069
843.3627687000001 2348.137388 623.9729563 9.016132446
1357.477365 2193.2535589999998 1219.454994 16.77865598
749.1731234 1916.989714 830.3343375 8.886862467
1233.481691 2435.768877 641.1252997 8.862193357
1610.722118 2201.408037 883.4098104000001 15.28562588
992.5653563 1866.634144 709.6432112000001 10.82650884
880.8617926000001 2123.983039 862.4086235 11.29368239
1204.088928 109.2438983 608.2658147000001 17.541914000000002
1157.8067199999998 2164.649812 1126.7905759999999 13.36176718
1460.3918210000002 194.3087844 801.332053 18.029325399999998
1195.3083800000002 56.226957999999996 729.6120732 10.85431479
1179.011858 2160.264943 1306.776335 16.52041969
1141.8831890000001 2144.582484 830.5875642999999 12.6055086
1143.702894 177.1080347 634.1592022000001 7.542786716
1221.51144 55.51635523 747.7671379 8.802113117000001
987.2850894999999 2289.5238489999997 1193.428282 17.20222644
743.8670074 254.9839 1200.790929 13.92439403
1191.188978 2215.332253 785.2715513999999 16.40167605
1131.055765 98.13801267 726.6276172 8.361768902
889.0939171 2380.982827 1236.070764 14.15739996
859.8017957999999 569.1939201 835.1828873 16.81164141
1058.3117320000001 26.24989813 763.9171972999999 8.099129113
1234.91537 1975.8166879999999 40.47235842 19.00412945
839.8169461000001 2356.340419 672.796389 12.72697513
934.8969738 165.4531836 1106.7495800000002 12.29799242
1276.2377210000002 688.5391053 388.7067863 8.909034993999999
1028.505181 305.35346339999995 581.3113415 9.668789995
911.9676818 2460.816995 701.4439569 4.865508598
1072.619117 2329.615138 1035.311156 8.145325253
1151.602434 39.654042600000004 910.5977029 10.63261668
1068.695074 2362.812096 859.2949942 12.88569046
865.2159065999999 84.05967224 1248.331524 8.330444821
1200.039493 2039.575145 869.9422094 13.23596358
1021.5425240000001 2257.816297 864.5398451 13.14385918
1224.824591 2021.2259190000002 737.7563422999999 8.572822056
1601.044783 2130.148721 1425.651562 20.23084874
1089.3428789999998 1958.6716579999998 940.000667 12.8093769
875.5584052000002 512.95887 238.79141719999998 9.155314263
612.4911192000001 2413.552775 1162.757616 6.982864782
700.0375789 75.17815975 894.9790341 18.43332472
911.9508063999999 43.66326443 954.6405566 16.42043393
1188.8931519999999 272.9215132 743.6412986 8.00234988
935.3121299000001 190.0740188 653.6449891 1.43961408
1173.946715 112.8914172 950.5928167000002 12.01441465
1513.5395119999998 2284.2506940000003 832.3670083 15.44103142
1189.84747 2082.31548 1443.468159 9.277922198999999
1189.728899 1933.085482 1268.991702 19.108726100000002
1043.5092630000001 1984.1375679999999 732.8845904 7.013117042999999
823.4562687000001 2298.6747579999997 511.55785149999997 16.84808327
813.1170332 2059.699866 697.9213334 15.91305998
741.222366 139.03975930000001 971.6870529999999 10.96441636
866.6495191 2405.599065 463.9594177 14.21036766
837.0612745 2382.226268 627.0515409 8.270362807
921.9506979 46.09824326 509.73111889999996 6.369790561
907.1701257999999 2169.075251 443.0769275 18.45840687
853.6985762 1989.8484079999998 492.71421399999997 9.528360402
875.4569161000001 2230.356232 673.0835979 14.10105002
898.6948721000001 2111.518261 585.1733303 18.43927196
1135.605382 2138.731197 753.2745041000001 7.394427955
839.9363865 1844.614487 389.99221289999997 11.52328329
1056.070622 2305.977636 804.2004743 20.24270117
549.5185511 2137.0421149999997 638.3151017999999 8.268907679
1140.395992 2256.7146989999997 1174.34134 9.480759095
654.7785253999999 67.6021387 1240.041569 20.73638613
1112.050447 1999.069707 546.1104586 8.795053072
875.4671327 98.76899300000001 664.9150758999999 15.62185654
1232.952207 2422.180254 1035.4767060000001 5.668307112000001
1014.5654529999999 2187.794136 585.4496333 10.34117627
1100.037159 300.6882022 653.4691492000001 6.115248536
994.6814554 1766.042929 1091.2064460000001 9.432815192
1131.458629 161.1510387 644.2017917999999 12.92019671
1265.033062 2340.881487 711.4149852999999 8.829663465
912.6551883 2376.7057489999997 551.9828903 8.933982935
756.9266209 8.642946889 399.4084917 17.30455561
888.2466387000001 2396.107059 607.3447593999999 12.49272329
1190.029609 2493.284441 970.3078252999999 11.36250616
803.2458155 2165.6762949999998 1015.5582130000001 6.68110554
953.7823164999999 2349.528342 674.5498027000001 9.609866806
1016.555267 2481.607858 702.4198683 18.98569911
1087.446618 2416.244624 705.4318559 14.88214109
994.1274348999999 1717.500875 1355.6552359999998 18.23697442
825.4971192 64.699699 574.5820265 10.70687965
855.8670994999999 2491.518741 769.4396949 11.15202615
707.5644752000001 102.1939332 413.3311477 14.13361456
1176.85974 92.71846948 661.6135401 4.613836198
1006.3750869999999 2269.770551 808.6247325 12.34099569
985.2288894 2408.366723 578.5430032 11.86517812
1144.3619720000002 149.97994 848.5515351 19.11080332
1045.13062 2383.332179 703.7810628 8.269326067
1035.481102 2483.080464 1276.7076029999998 6.587063351
1063.58004 2019.4143350000002 1113.78355 13.80719777
1123.647315 135.43431719999998 758.0339587999999 13.83296927
1096.964451 2497.590114 340.6881889 14.64860546
1084.909391 44.81498109 392.1152913 17.47902802
978.8212825999999 2426.014702 424.04297199999996 11.99965253
1196.3280539999998 2203.515668 261.7146908 14.36431208
1023.237648 2245.226671 386.7464236 17.01543934
1221.353286 2439.6718579999997 658.6373633 5.599570279
1129.489079 2278.7759109999997 438.7464037 11.05795407
1265.504907 44.55357508 490.53581280000003 7.096259542
1770.739368 133.6777426 2405.366491 11.75778952
1058.405352 25.11652997 474.6856012 19.50569901
1483.967208 2219.315152 330.9975983 16.55187855
1034.533284 62.22429157 287.7235365 6.219194687000001
1153.008179 136.4411065 374.6403572 6.145534431000001
1157.197101 309.0317818 178.88973090000002 15.25455536
1168.1950689999999 2159.366338 282.3071377 15.98751174
1080.328248 4.424512688 372.87192450000003 9.02381718
1113.0276470000001 2447.6396670000004 602.7723589999999 18.28985873
920.0632730000001 2353.460897 641.5214057999999 11.32885745
1145.129984 121.29713390000002 582.4673517000001 6.153357187
1085.884039 2206.353177 545.0012569 11.75371921
1044.45182 2284.065586 559.0909657999999 7.161720822
713.2785792999999 147.5267125 1302.176135 4.441888969
1068.304376 239.1203029 889.9395185000001 10.8372875
1337.461842 2328.06862 778.0001695000001 10.02307847
1209.390527 43.34449219 487.4214473999999 9.753301259
1983.7489640000001 1821.610067 214.03994080000004 18.04197778
1038.076741 150.3467494 350.6437628 9.745893645
926.9841111 87.57087931 609.883652 10.11281501
1238.32865 124.8934399 626.0003322000001 11.35429001
1227.4886789999998 82.42843206 561.9557168 10.13637301
1477.588918 1977.3214039999998 692.2967755 15.47210633
1101.595115 360.2833272 569.4951315000001 6.003959096
1197.7761619999999 2336.3650030000003 473.8173798 7.626999896
1003.9944119999999 2243.938784 485.8792244 9.907704589
1484.794233 1979.6244809999998 379.15760919999997 12.39147783
1193.812285 2131.387409 385.91121539999995 12.01422089
1601.4267320000001 2125.111021 707.5321008999999 13.86819315
2104.0912989999997 2355.600325 887.4138151000001 15.13572369
1042.319059 35.7604679 566.2873311000001 12.04102329
1218.352903 2318.914964 438.81496289999995 10.59784339
1204.398409 2016.136655 374.2819638 14.92462608
1203.730424 1900.230328 424.86119800000006 21.64692865
1280.73407 2219.091654 301.429441 11.95771217
1407.9089119999999 89.04028525 648.6870717 6.228645222999999
1522.404104 2265.108183 381.3045518 9.121711443999999
1774.7641219999998 150.3082801 400.44739680000004 8.269387525
1056.355507 2294.136632 440.8817931 9.452652226
1542.429402 2184.245818 261.01634359999997 10.67041662
1297.724874 2280.1174809999998 436.2125827 16.32241881
994.6675311 2246.7970800000003 408.9498122 23.24766515
1172.980892 2212.302739 287.55674460000006 11.49222911
1102.7021539999998 2316.9170010000003 312.02959300000003 5.4964821960000005
1081.63128 2151.080127 210.88282769999998 10.99141057
1434.8343109999998 1778.5747649999998 397.53374289999994 15.38231674
1039.664067 2131.029132 326.60232169999995 9.070284646000001
1184.866123 2093.175112 642.2561837999999 20.18675673
1311.733551 2188.5830339999998 512.4960744 12.02823888
1857.864298 1819.2268920000001 316.4345869 8.587028931
1357.8406009999999 2126.853315 355.3911457 10.7832797
1798.103941 2254.0402129999998 358.62275550000004 17.52934029
1167.667296 2445.451839 479.7888904 3.810810716
1028.981212 2320.519813 899.8952039999999 14.14425777
1174.773659 2217.688659 414.6513086 9.66252747
1084.2239220000001 39.933504299999996 550.3235028 11.79415805
1199.439791 2206.268194 617.8639766 17.728682199999998
1157.2746869999999 2477.3093510000003 921.2674880000001 21.26590306
1036.364767 2400.7984239999996 619.0149709 4.426586393
171.25568140000001 881.6970127000001 2083.684774 16.60636189
1150.261827 2132.774282 645.3753078 15.26115069
997.5704879000001 2195.16872 599.857475 5.187627732
979.1673141000001 295.8516552 588.5283778 10.62915298
957.4706647 118.23809909999999 659.5526801 16.58252738
1210.543807 2224.547767 560.3472831 6.851071341
938.8927259999999 2498.33815 259.7000821 9.877889039
1192.69822 2220.794048 331.7361508 10.16249532
679.0548885 1574.1277300000002 641.0216561000001 12.00830017
611.33866 2118.445589 1107.482152 11.890323500000001
951.4741937000001 47.87029052 595.3912967 13.28090377
842.6085255 2117.695432 639.6088834 17.41777361
905.1304944 70.49781007 630.8787162000001 13.79332041
1008.863096 2448.0352829999997 840.3972344 7.75345877
901.1038028999999 2097.439237 1155.768226 14.59609573
911.7122707000001 1904.949894 380.6465258 11.47065039
1146.749312 42.82563944 369.4903997 1.7774453469999998
995.6183659 2477.1150199999997 759.5730146000001 16.14999625
1366.1342650000001 1946.4653210000001 722.0787238 12.26215798
1209.8416300000001 2316.9626120000003 344.2053974 7.179011286000001
960.4348867000001 2448.6428079999996 469.61907289999994 13.3812343
851.0811302999999 2446.066723 113.1740619 22.78276198
1401.137174 2335.674016 143.4481621 10.83215817
793.2277997 1799.0283789999999 763.4127404 14.68781269
960.9829278999999 197.2292124 584.2767194 22.19825214
887.0101609 2048.0690210000002 601.4480977999999 10.54000135
588.0898475 2083.054832 639.2644104 14.9384385
1013.7471230000001 86.24542215 610.7699922 5.444501957999999
947.8112874 2332.374634 266.1210957 16.06557673
1146.137819 76.45522302 854.6033127999999 10.97780552
963.3348916000001 2415.980869 573.9973541 9.187836287
1306.630125 2203.316921 825.4062531000001 13.06356851
1786.477498 2347.55714 257.868941 8.903901525
1029.61081 96.46985432 693.2838262 5.814004141
1013.3629810000001 2364.501559 418.5065982 10.55214352
1836.7992600000002 2321.157613 122.69972560000001 11.57858345
883.2631728 2426.43177 1040.98198 8.739478738999999
1147.946244 76.18794909 476.5035029 4.083747422
1201.222438 126.4701116 751.7962497000001 15.55400572
1079.955873 127.86038959999999 594.552197 13.50850514
1105.4513980000002 2334.697876 319.22382769999996 11.24820491
1024.496287 2398.356907 297.8909142 20.81320661
1217.610482 2332.3574510000003 215.6167849 12.99867478
1173.2510359999999 2266.139464 647.0169884 13.319676600000001
1160.901781 2495.741978 473.69165360000005 17.73761665
1277.8046359999998 341.5370407 310.8963419 17.73534455
914.6910777999999 185.4517541 242.6207151 12.86920676
855.7452538999999 2223.144598 483.95877790000003 6.39183082
968.0456631000001 2190.469266 498.9410007 13.515963000000001
823.5336063999999 2327.366599 204.15059540000001 2.572586389
755.7589363 2242.936485 213.5337373 16.337116599999998
1145.031511 1707.1150920000002 883.0282827999999 5.450093731
900.5735858999999 2287.928218 382.8057712 13.93170601
830.8675671 1714.7115820000001 828.6804659 14.47241185
1025.78332 316.9395935 562.6805352000001 13.0265565
1158.7449390000002 2001.8055579999998 290.3165962 4.432762852
1143.0888400000001 2326.4835559999997 209.986121 6.268948194
1308.878162 2421.147398 392.4215626 17.34237726
1555.371737 2048.4055120000003 246.073357 8.881844441
1010.5880470000001 2431.642832 303.2156083 18.60301696
1173.219292 2176.297484 275.03364239999996 16.58241025
836.7655143999999 2094.539405 481.2388726 13.7954
994.3053528999999 69.01623628 633.3621301 12.02485744
872.7744455 1892.723786 1352.270083 16.21715344
1098.372059 13.54176016 655.7538101 15.273268
1587.778249 2218.14394 210.05240640000002 12.05243418
909.8522617000001 2263.6472120000003 538.3301602999999 14.86927067
896.764899 2173.049849 466.3055983 19.15823592
918.9146324999999 2432.680366 348.14927830000005 9.250207404
790.0012489 2118.8961489999997 295.2009289 4.992526823
814.7751714999999 2155.8845920000003 633.5181276000001 17.78499076
1003.6283460000001 2454.249754 376.0440006 12.170149400000001
1512.95535 2347.639815 733.4269628 6.377642497
2348.17029 918.6571901000001 876.5049591 6.934346489
1290.979906 2230.092042 1513.042837 6.190946179
842.6047811000001 18.48705898 511.6373435 4.3996558839999995
1031.7969970000001 1616.390124 1425.861335 5.064605548
743.9142668 2189.006003 334.4745816 9.582269452
1013.1448300000001 2046.266893 855.6105182 19.23786516
1347.717425 2435.932177 595.1577229 7.264104711
1097.060741 102.32425440000002 571.8922652000001 8.017116867
962.2746642000001 2352.239177 647.2498099999999 8.338106424
1153.557337 2495.464617 772.8336002 8.249193706
445.82798539999993 150.75699330000003 751.4562567 15.77268986
1141.636434 2207.6929059999998 518.7704775000001 10.07260399
1011.411925 2412.7935420000003 487.32383250000004 17.38701732
696.8328807 1835.5946829999998 567.5773566 14.92959703
978.6753024 2111.0073260000004 481.7427044 8.186790377000001
1239.045398 4.026030552 647.2291535 13.12575122
1290.9854619999999 2140.821668 520.5558464 7.073794966
1034.379147 2447.531567 371.21821869999997 12.75587931
871.1249846000001 122.0202331 898.7954944 17.15321612
880.8796499 2267.346454 271.12401969999996 23.88855712
1164.268 2313.469016 23.12132684 9.440708856
1095.733751 2072.8624879999998 403.06379649999997 16.0141548
1622.477373 2009.1752510000001 186.9476138 12.79406875
943.9882433 2140.332202 319.1009793 10.40827977
772.3389665 1970.5148609999999 327.832737 8.334647119
1170.3254789999999 2154.6242039999997 543.0279360000001 12.69780045
837.0239265 2208.9852809999998 312.741607 18.22899796
823.9823488 2171.3215920000002 347.12618389999994 6.38050803
786.6351959 2463.373236 428.46263560000006 8.667291752
674.3003527000001 2484.365716 590.0557972 7.3439372689999995
2495.615891 2371.2977739999997 492.0370914 13.86642792
1216.256572 2304.6996679999997 366.350107 5.729914935
1225.204011 74.77524356 655.0831509 8.013092211
774.0172658 2362.7078079999997 592.6732392000001 8.467377864
1164.1712 24.503826699999998 922.3589596 10.76772909
899.7585536 2372.072428 419.69301809999996 12.734305
927.5228450999999 2199.204479 622.4826479 14.32914516
848.7250059 2189.741608 538.5169980000001 17.290110199999997
452.0795592 2063.499649 1042.562853 5.604551654
486.4965459 2161.5174039999997 1053.725565 14.60192775
1012.7203099999999 2432.162967 621.9749887 12.60070302
849.8699115000001 2160.696448 919.5989221000001 24.34555549
885.5501239 2323.350136 733.6585792999999 9.360348045
1076.102836 252.61048309999998 2369.008382 13.03078684
781.1087817000001 2331.527335 553.8860453 10.87242851
978.3211549 2283.339868 294.1437342 15.87157524
1066.856223 47.80435601 576.2664039 11.36905028
699.4476781000001 81.57458438 627.34477 12.40455883
959.5447477 1872.4656719999998 733.3111572 5.207801491000001
1031.018615 2447.529364 884.2889382999999 10.58674756
715.8508631 2129.566651 524.3299384 15.330307300000001
524.5819168 2473.434955 700.3534530000001 10.19857523
745.7295351 2312.70015 422.38246100000003 8.669898094
544.7429257 22.99622096 522.2397205 15.64072853
511.1856432 2250.81336 672.4454860000001 11.20350195
912.1945178999999 178.4425795 1043.652172 17.00437955
368.7699445 2209.338698 851.1968899 7.22281374
823.4625751 2176.610229 532.8352977 7.215708931
909.4716722999999 2132.252582 467.9874804 10.45272713
503.8413811000001 2102.563952 799.6543477999999 17.96389236
502.0676573 2269.266322 639.8521814 16.46831589
744.9794327999999 87.00374011 304.679575 13.08429226
702.5699547 2429.158773 820.8098432 6.153229552999999
1121.076812 214.05402850000002 759.8019513999999 19.58334759
701.3236787999999 2027.4567170000003 954.1915729 7.56844599
577.2054157 181.2403964 913.8663962000002 7.338594419
557.3242301 122.84400829999998 691.3447451000001 11.30170903
1152.382793 1946.1710870000002 358.6987245 10.71919006
816.1377193 220.2068517 295.41586839999997 8.869323101
824.8847360000001 2384.541115 567.0368051 6.672320694
318.46075079999997 2175.1901239999997 864.8756373 6.267468496
487.26266449999997 2257.612049 561.8313224 11.62347417
385.3475835 12.52864648 467.0792595 12.29529563
1273.064277 854.2077718 122.88834240000001 14.08785559
965.6448295 186.70758759999998 988.7926417000001 14.82835778
824.6013374 2249.461802 732.1916468999999 7.687296632000001
587.0236197 2113.6982789999997 821.4371882 15.98574939
577.1470849 2321.746478 674.7559669999999 21.26487594
843.9774445 2364.247062 1032.558999 14.71729436
1432.584109 185.4301593 694.2814475 11.09104368
520.0677882 2173.399207 808.493656 15.82109519
955.5539495999999 2492.083771 229.2968866 8.603128145
786.5307699 9.295551627 823.7376707999999 7.376661389
593.5417445 2305.107575 567.0005969 9.650324227
675.7208097 168.50392549999998 151.86687719999998 8.634296534
337.11368 2316.29917 291.7587287 11.60317715
437.5841333000001 22.60726062 341.93825699999996 13.21432148
416.6044724 49.53149944 17.89784626 18.52208344
840.5592577 32.46927372 332.5960704 3.5048266530000003
914.1578307 34.85841088 432.61967230000005 5.496354202000001
542.9745891 85.57663284 301.53298689999997 18.37614758
739.3467887 2421.832837 658.7285757 16.83501789
463.5238119 102.124252 378.8483185 10.00789452
953.2064527999999 237.6098944 335.22074510000004 8.707736651
885.7046311 2374.962073 451.72525999999993 9.875079521
587.2650727000001 2339.340882 633.0723918 14.6180062
757.7049055 2310.480555 524.9287297000001 20.84620494
857.3830550000001 2169.962013 619.2851751000001 11.41598176
674.1607205 174.7691237 125.04811240000001 18.80942927
584.6514862 76.99683488 278.58389700000004 8.07480001
618.7949022000001 2402.584863 336.5329041 9.90823087
486.63690049999997 2377.8523 503.2399298 21.20486502
629.4257914 2422.633532 470.5534966 8.769211452999999
462.4989885 2217.712584 534.4967255 17.14445106
535.9805243 2051.470191 764.6923138 6.5953108170000005
561.1478999 2203.4032850000003 500.89639810000006 13.7591761
578.9650786000001 20.34795702 194.4066584 15.60451415
427.1778057 20.66175987 176.1051581 8.803964712
733.0588715 2138.8184579999997 295.65773260000003 9.749022712999999
592.6885659 2239.633684 555.2866785 8.665268603
1047.1079849999999 1993.96182 575.3198054 13.03316933
583.2092911000001 149.83505290000002 524.9649596 12.78435534
601.6563427 2467.012929 240.56002169999996 6.008477263
1039.901122 2327.0591289999998 165.80940990000002 13.86030462
774.2101951000001 2169.339723 363.6646278 7.222553992999999
747.4340525 246.91274019999997 946.0229827 15.0957016
794.3840302 2301.917641 347.7701522 11.39241408
1223.491425 46.99075093 877.0880488 8.878456081
341.1842524 2245.442653 115.1825898 17.01900607
1049.5322130000002 1981.8237100000001 925.7763732000001 13.09061241
1001.412232 2419.142182 696.4005923 17.31973759
506.55795070000005 2385.655033 607.0389932999999 16.54939632
728.0344035 127.3927643 310.0484644 14.85384033
608.5081105 2422.5699219999997 262.0258502 10.37347814
508.1293835 2271.802427 185.7591534 23.21094806
528.4497462 2308.040938 611.4137777000001 3.250588825
653.2273723999999 2343.152578 490.986149 14.10083091
711.7819987 2139.924213 418.9948403 12.03890215
572.1906025000001 2134.827521 643.0586899 11.19643048
750.9428789 2062.583443 517.0715617999999 22.88511478
596.5130615 2421.8071010000003 325.75680930000004 18.32297459
830.5871145 40.26163353 570.9283230000001 13.13338259
1022.1738730000001 88.3109715 261.84163739999997 9.311802772
1015.4684199999999 2403.5503949999998 211.41993309999998 15.03357784
604.4082693 70.91986750000001 336.69464869999996 12.36144911
740.148903 2256.3086 342.5598389 14.87478991
1421.686431 948.0142739 1794.681954 20.94962986
844.9966671 2438.518614 227.93227430000002 15.73994603
870.3363112 18.40349611 236.69609029999998 17.91697939
664.6568764 62.38483634 277.3172565 16.36874986
735.0537756 2139.174909 210.2900049 10.55839261
1059.775918 2415.557061 252.9989251 15.31633936
740.7562657999999 2150.693633 622.6116789 7.287539048999999
868.4137424 2231.775862 585.9967311 10.50846477
1049.402438 306.22950039999995 731.670353 12.53461469
968.1775902999999 20.19603541 212.03394120000002 13.05719548
717.9176585 2223.018394 271.37909360000003 10.76844473
1021.519666 2196.222782 452.02990830000005 7.6104923939999995
1338.093567 1923.4625620000002 514.4669983 15.47081349
596.4590971 2417.7741760000004 249.96244500000003 14.41146127
981.5862976 15.49622358 230.96733700000001 9.200305113999999
1000.3784400000001 115.2646176 175.6290296 18.44696364
889.7903600999999 31.739451300000002 201.7472503 18.55416143
1326.6075130000002 69.34527083 2435.378684 8.880290062
657.9441342 2287.810568 310.7105803 7.6823164539999995
918.4733991 2264.8812510000002 477.36323560000005 20.16384001
1072.165038 2451.637326 250.99622480000002 11.53951072
884.2577686000001 202.0505458 465.4416087 12.64399135
977.3049004000001 2357.3874140000003 258.4145208 19.6652467
955.1573778 2201.142007 236.1088292 19.94737869
734.6939631 246.24612599999998 548.7108431 13.27973907
972.8654216 148.20563180000002 203.86338519999998 6.4127086779999996
833.4506397000001 147.1045699 487.72248590000004 5.996323365
451.79517810000004 2421.865842 605.9516357000001 9.145807615
1119.7914349999999 2295.274526 141.9481245 9.016795771
814.8640575000001 2127.378277 312.01698960000004 16.73569392
1175.168477 462.7753509 1673.438846 9.718396056
848.7936884 12.85198378 513.5219111 3.365975456
1016.601116 2323.5477969999997 226.9129585 5.306091941
964.9895955000001 2359.383058 161.28899730000003 21.67010367
1027.544744 2454.029666 12.10576171 12.73490159
2166.210676 2098.539491 1716.493509 13.95560379
719.0194812999999 2426.799033 16.78572604 9.085596466
1210.550117 1477.215125 1330.888049 6.342559737
1084.538597 1954.123054 426.9268678 8.361258138
785.8210281 2276.988402 95.94239697 13.70517815
832.1583266 2107.806489 83.76570567 7.298521534
526.5475956 2062.043402 572.7473852999999 12.82764301
638.9275401000001 1964.223029 371.4347735 8.034667534
